0.000000	0.197553	0.199597	0.231843	0.204972	0.206291	0.228493	0.220303	0.218453	0.224421	0.197731	0.222716	0.208108	0.253890	0.194420	0.222300	0.201022	0.196133	0.251663	0.206437	0.206513	0.197072	0.200876	0.194803	0.207801	0.189688	0.231502	0.238628	0.200799	0.204808	0.195991	0.203301	0.255308	0.203473	0.201885	0.196400	0.221822	0.198623	0.198193	0.233087	0.246797	0.202528	0.228872	0.230895	0.246208	0.243724	0.245959	0.246471	0.248072	0.249552	0.252101	0.248469	0.248466	0.250188	0.250624	0.247406	0.250065	0.233867	0.251402	0.244674	0.247694	0.242864	0.246868	0.244767	0.251234	0.247475	0.246408	0.250963	0.248735	0.251901	0.251913	0.248739	0.247687	0.249803	0.251446	0.246858	0.246260	0.246497	0.242607	0.251415	0.242443	0.246107	
0.197553	0.000000	0.203582	0.238472	0.204388	0.205365	0.229183	0.224405	0.224904	0.226248	0.209063	0.236187	0.212408	0.247636	0.189019	0.224515	0.204608	0.190332	0.250106	0.208249	0.208395	0.202906	0.206330	0.200104	0.190848	0.208574	0.224707	0.236047	0.201941	0.212866	0.200373	0.212649	0.254566	0.203858	0.206077	0.199936	0.224470	0.198711	0.196806	0.224095	0.242624	0.207835	0.228713	0.230890	0.244004	0.246270	0.244711	0.246954	0.248353	0.241702	0.246131	0.245566	0.243415	0.247207	0.246694	0.247944	0.245926	0.239738	0.233457	0.244053	0.248738	0.239821	0.244000	0.241033	0.249722	0.244487	0.243944	0.248750	0.244910	0.242691	0.245791	0.245691	0.246035	0.243319	0.247332	0.242841	0.247894	0.239608	0.247059	0.248344	0.246278	0.246174	
0.199597	0.203582	0.000000	0.225909	0.195314	0.200688	0.229405	0.222147	0.220402	0.223450	0.191425	0.224463	0.195903	0.251482	0.202569	0.216221	0.209337	0.208548	0.250972	0.196382	0.213837	0.190115	0.210946	0.201639	0.203391	0.202138	0.223317	0.232451	0.191793	0.195350	0.202348	0.200834	0.258973	0.208389	0.203931	0.194549	0.231009	0.197878	0.198940	0.230735	0.249500	0.200114	0.233080	0.233988	0.249003	0.241828	0.249831	0.247250	0.250848	0.253468	0.251201	0.252569	0.247702	0.252123	0.253846	0.252645	0.251423	0.246723	0.251698	0.242940	0.254060	0.251153	0.250766	0.248170	0.252935	0.253579	0.250779	0.250614	0.250278	0.249640	0.250473	0.252054	0.253885	0.251950	0.252686	0.251588	0.252766	0.250032	0.246874	0.252361	0.247326	0.251356	
0.231843	0.238472	0.225909	0.000000	0.232016	0.235057	0.212132	0.209317	0.228542	0.225320	0.230039	0.208779	0.222222	0.254986	0.224992	0.228010	0.222825	0.231385	0.253660	0.229376	0.224228	0.226992	0.228114	0.228461	0.229906	0.231667	0.215419	0.207524	0.229453	0.228182	0.221158	0.225287	0.262111	0.236392	0.231885	0.230944	0.209386	0.224518	0.233369	0.207154	0.253724	0.226821	0.233820	0.238107	0.223665	0.227285	0.252781	0.254161	0.255894	0.253629	0.252899	0.250977	0.249319	0.254561	0.254242	0.252807	0.255934	0.251736	0.255660	0.248231	0.243561	0.254737	0.254892	0.252151	0.255015	0.253322	0.255137	0.252377	0.249672	0.249762	0.254020	0.253455	0.253788	0.255594	0.256790	0.256741	0.255735	0.253315	0.251177	0.252247	0.255341	0.255787	
0.204972	0.204388	0.195314	0.232016	0.000000	0.201866	0.217439	0.232217	0.219983	0.226091	0.188551	0.226226	0.195010	0.252804	0.201187	0.220121	0.198960	0.211477	0.248300	0.206944	0.202507	0.190762	0.213529	0.213570	0.212082	0.190886	0.218672	0.234849	0.185320	0.202873	0.200380	0.196931	0.250821	0.211023	0.201900	0.191115	0.226548	0.198036	0.204555	0.229043	0.252211	0.195482	0.232181	0.233198	0.245048	0.244891	0.251499	0.254462	0.251673	0.252100	0.251005	0.251861	0.252329	0.250840	0.250651	0.247718	0.251687	0.247548	0.250377	0.246697	0.252488	0.246802	0.251077	0.246584	0.255525	0.250870	0.247819	0.251033	0.247782	0.251322	0.249113	0.254301	0.253530	0.253902	0.252050	0.250134	0.250126	0.251030	0.249017	0.250250	0.250473	0.251957	
0.206291	0.205365	0.200688	0.235057	0.201866	0.000000	0.228837	0.219245	0.206315	0.209082	0.204720	0.231363	0.192673	0.257137	0.193723	0.217498	0.196899	0.205317	0.250233	0.197085	0.211826	0.209281	0.194181	0.198569	0.196009	0.194762	0.220828	0.229444	0.191477	0.183645	0.193219	0.189314	0.258737	0.196839	0.190870	0.192435	0.222257	0.191993	0.184573	0.221224	0.249658	0.207896	0.227938	0.230414	0.244460	0.239276	0.253836	0.251697	0.251054	0.253504	0.249832	0.253098	0.250638	0.251771	0.253659	0.252703	0.251364	0.251834	0.248412	0.252402	0.253423	0.251783	0.250091	0.250648	0.255151	0.253464	0.252937	0.248995	0.248253	0.250793	0.251673	0.250595	0.251911	0.252752	0.251452	0.254574	0.251192	0.248402	0.251416	0.252237	0.247705	0.253980	
0.228493	0.229183	0.229405	0.212132	0.217439	0.228837	0.000000	0.219855	0.228137	0.222368	0.221347	0.196438	0.224838	0.255395	0.236925	0.224012	0.218542	0.227771	0.248234	0.227846	0.225142	0.225974	0.227032	0.227164	0.217325	0.224936	0.208223	0.210370	0.214446	0.226359	0.222723	0.226948	0.255668	0.228356	0.224970	0.221101	0.197617	0.229822	0.232286	0.201223	0.254145	0.232410	0.232825	0.237752	0.230243	0.231957	0.252384	0.257690	0.257587	0.252641	0.254867	0.252556	0.252738	0.255239	0.254964	0.254282	0.260324	0.253044	0.253174	0.250973	0.253991	0.246775	0.252692	0.250972	0.258490	0.253836	0.250432	0.256273	0.252070	0.255695	0.253113	0.253295	0.256597	0.254927	0.255235	0.254973	0.255324	0.249210	0.252068	0.252211	0.255136	0.254812	
0.220303	0.224405	0.222147	0.209317	0.232217	0.219245	0.219855	0.000000	0.218038	0.216763	0.228322	0.212667	0.227718	0.252347	0.229612	0.224989	0.222285	0.229297	0.253651	0.222089	0.229678	0.223893	0.224205	0.223017	0.221853	0.218176	0.205309	0.210885	0.227613	0.216398	0.217799	0.213868	0.264047	0.220033	0.225802	0.225774	0.199682	0.228053	0.224228	0.202418	0.247384	0.229821	0.230526	0.235316	0.222889	0.220367	0.251553	0.252665	0.252768	0.249984	0.251885	0.252893	0.248899	0.255544	0.252158	0.256097	0.252499	0.247709	0.255687	0.246431	0.255212	0.251907	0.250000	0.251029	0.253867	0.255162	0.252691	0.252736	0.252691	0.249745	0.250498	0.250998	0.255722	0.257009	0.254857	0.252835	0.254069	0.249854	0.249346	0.256006	0.250708	0.256770	
0.218453	0.224904	0.220402	0.228542	0.219983	0.206315	0.228137	0.218038	0.000000	0.178921	0.214952	0.223729	0.221330	0.248149	0.221546	0.190006	0.215895	0.221562	0.242290	0.224860	0.228636	0.216739	0.215857	0.210823	0.217311	0.214964	0.228068	0.220203	0.219377	0.210300	0.216260	0.216229	0.254096	0.203548	0.215802	0.215706	0.222284	0.228800	0.218983	0.222215	0.246190	0.215513	0.224904	0.229920	0.241041	0.240816	0.246924	0.246621	0.253631	0.246322	0.250261	0.246033	0.246150	0.249753	0.244726	0.250194	0.248408	0.246648	0.246606	0.245517	0.247859	0.246972	0.243512	0.242999	0.249708	0.243567	0.244357	0.249100	0.245145	0.248363	0.249922	0.250487	0.247116	0.250872	0.249015	0.245237	0.246566	0.246930	0.247010	0.250433	0.244649	0.246194	
0.224421	0.226248	0.223450	0.225320	0.226091	0.209082	0.222368	0.216763	0.178921	0.000000	0.223904	0.221695	0.216740	0.251759	0.224549	0.193881	0.212966	0.222900	0.248633	0.220418	0.228452	0.214675	0.213583	0.216551	0.217220	0.220867	0.225706	0.220989	0.211137	0.210495	0.220546	0.211728	0.251003	0.211578	0.205217	0.219822	0.224552	0.227550	0.221108	0.212227	0.245176	0.225088	0.228881	0.229173	0.240909	0.242113	0.252015	0.251349	0.253245	0.249574	0.248138	0.250868	0.247768	0.251473	0.252138	0.250786	0.254618	0.244543	0.247763	0.246031	0.252991	0.247160	0.247816	0.246662	0.256168	0.248971	0.248699	0.244219	0.247687	0.248724	0.248567	0.249919	0.251289	0.252379	0.246639	0.250841	0.249073	0.245171	0.249047	0.249149	0.249930	0.246846	
0.197731	0.209063	0.191425	0.230039	0.188551	0.204720	0.221347	0.228322	0.214952	0.223904	0.000000	0.223458	0.193014	0.248560	0.203015	0.216400	0.195862	0.203368	0.247585	0.208844	0.195485	0.195194	0.210888	0.193316	0.198042	0.195989	0.219827	0.231837	0.194350	0.193354	0.190603	0.198494	0.259927	0.209679	0.195372	0.181986	0.222873	0.198732	0.203485	0.228190	0.243422	0.196153	0.228583	0.225672	0.244062	0.245202	0.247449	0.248174	0.247230	0.246049	0.248088	0.246838	0.247649	0.250408	0.249717	0.245551	0.251527	0.243733	0.244564	0.245567	0.252177	0.243729	0.249662	0.247584	0.250928	0.249404	0.244418	0.249854	0.244681	0.247674	0.248871	0.251313	0.250785	0.248922	0.249290	0.248452	0.250986	0.241375	0.246540	0.247336	0.245745	0.248112	
0.222716	0.236187	0.224463	0.208779	0.226226	0.231363	0.196438	0.212667	0.223729	0.221695	0.223458	0.000000	0.226735	0.256062	0.230648	0.217275	0.231139	0.232816	0.249896	0.224990	0.221822	0.226129	0.225029	0.225914	0.232206	0.228332	0.205816	0.211266	0.225696	0.228005	0.220118	0.219641	0.258864	0.231063	0.229238	0.233357	0.188068	0.227078	0.233141	0.207178	0.255227	0.235798	0.232740	0.239345	0.223628	0.228558	0.249026	0.257183	0.254267	0.252891	0.251425	0.250939	0.251074	0.253418	0.255815	0.251533	0.249781	0.251489	0.252850	0.248614	0.255723	0.247155	0.250064	0.248934	0.256301	0.250052	0.251731	0.254056	0.250530	0.249217	0.252249	0.254572	0.250810	0.256750	0.254181	0.252590	0.251316	0.247146	0.247713	0.255014	0.249426	0.251785	
0.208108	0.212408	0.195903	0.222222	0.195010	0.192673	0.224838	0.227718	0.221330	0.216740	0.193014	0.226735	0.000000	0.254070	0.197315	0.226879	0.194296	0.207349	0.249709	0.196820	0.201186	0.207049	0.199320	0.203766	0.205425	0.196976	0.225490	0.225439	0.190341	0.195314	0.204648	0.200313	0.252329	0.197279	0.188535	0.197080	0.226715	0.185098	0.203506	0.224297	0.244865	0.197653	0.230131	0.229932	0.240289	0.240362	0.248995	0.246941	0.246858	0.250859	0.246251	0.248488	0.245202	0.247056	0.247703	0.248523	0.249290	0.242625	0.247697	0.244168	0.251125	0.245595	0.249076	0.243137	0.250585	0.252270	0.247428	0.246907	0.243115	0.245823	0.247275	0.251358	0.252123	0.248771	0.252106	0.250513	0.244353	0.244953	0.245021	0.247729	0.243154	0.247089	
0.253890	0.247636	0.251482	0.254986	0.252804	0.257137	0.255395	0.252347	0.248149	0.251759	0.248560	0.256062	0.254070	0.000000	0.250842	0.251792	0.251452	0.254154	0.196169	0.255757	0.253718	0.248440	0.250813	0.250351	0.253720	0.249577	0.253867	0.254120	0.255951	0.256430	0.256944	0.257933	0.197509	0.258725	0.255834	0.257297	0.257013	0.257493	0.257418	0.259176	0.182447	0.257113	0.232298	0.237377	0.253143	0.254103	0.184843	0.197874	0.192291	0.185717	0.192776	0.193397	0.185475	0.193575	0.196996	0.202759	0.190075	0.190644	0.204318	0.189585	0.190896	0.189711	0.181594	0.196909	0.182862	0.195678	0.186658	0.199886	0.197958	0.201357	0.198266	0.202883	0.198651	0.194710	0.193708	0.190041	0.194615	0.197317	0.197631	0.188969	0.197144	0.187374	
0.194420	0.189019	0.202569	0.224992	0.201187	0.193723	0.236925	0.229612	0.221546	0.224549	0.203015	0.230648	0.197315	0.250842	0.000000	0.229209	0.203958	0.199950	0.252754	0.197141	0.198708	0.198582	0.203184	0.195034	0.197083	0.198212	0.227165	0.224611	0.200729	0.200384	0.196339	0.205891	0.257303	0.203023	0.204821	0.197111	0.231415	0.193859	0.180882	0.222057	0.248254	0.194049	0.231398	0.231341	0.244611	0.240775	0.251517	0.248389	0.247559	0.251493	0.251969	0.250236	0.248278	0.249672	0.252775	0.249755	0.251547	0.244187	0.252237	0.245428	0.252557	0.245689	0.251789	0.246039	0.257379	0.249094	0.248475	0.248794	0.249019	0.250142	0.251858	0.248391	0.256057	0.251260	0.250316	0.250219	0.251089	0.247490	0.248105	0.251691	0.249458	0.250797	
0.222300	0.224515	0.216221	0.228010	0.220121	0.217498	0.224012	0.224989	0.190006	0.193881	0.216400	0.217275	0.226879	0.251792	0.229209	0.000000	0.223108	0.222302	0.247590	0.227399	0.223558	0.224004	0.223692	0.216874	0.220323	0.222703	0.222552	0.228200	0.215254	0.215641	0.215498	0.218637	0.253904	0.216439	0.223107	0.215629	0.227572	0.226458	0.217626	0.214276	0.248144	0.218143	0.230013	0.235640	0.244706	0.243864	0.250064	0.249232	0.250268	0.246927	0.250900	0.250454	0.249200	0.251374	0.247529	0.248393	0.248973	0.245074	0.247485	0.241428	0.249747	0.249886	0.246393	0.248090	0.251805	0.248455	0.249047	0.256616	0.248887	0.247829	0.252220	0.251747	0.246724	0.252067	0.251502	0.250749	0.248518	0.247213	0.246238	0.254835	0.245891	0.250570	
0.201022	0.204608	0.209337	0.222825	0.198960	0.196899	0.218542	0.222285	0.215895	0.212966	0.195862	0.231139	0.194296	0.251452	0.203958	0.223108	0.000000	0.198747	0.246209	0.198254	0.195048	0.196935	0.200393	0.196610	0.204396	0.191095	0.219683	0.226468	0.185489	0.195275	0.200317	0.195166	0.254885	0.207667	0.191837	0.200209	0.215071	0.195476	0.209645	0.218481	0.246251	0.194687	0.223427	0.224936	0.243459	0.241262	0.249860	0.251292	0.249847	0.250201	0.240909	0.247605	0.244114	0.244782	0.250000	0.252142	0.252750	0.243890	0.245240	0.244256	0.249510	0.243790	0.245867	0.243019	0.252257	0.248006	0.247195	0.245404	0.243974	0.246686	0.248619	0.247984	0.252152	0.243845	0.243884	0.246069	0.247642	0.244303	0.244480	0.249418	0.244892	0.249834	
0.196133	0.190332	0.208548	0.231385	0.211477	0.205317	0.227771	0.229297	0.221562	0.222900	0.203368	0.232816	0.207349	0.254154	0.199950	0.222302	0.198747	0.000000	0.251437	0.208929	0.208347	0.204928	0.197343	0.197453	0.199260	0.208547	0.229134	0.234589	0.203824	0.203442	0.202806	0.209622	0.260379	0.195477	0.199287	0.204358	0.222640	0.193891	0.191591	0.228527	0.246217	0.203719	0.219665	0.232160	0.246497	0.243841	0.251178	0.253000	0.252466	0.247691	0.248539	0.251048	0.249808	0.251915	0.254469	0.248304	0.254028	0.245278	0.250199	0.250065	0.255958	0.248775	0.251623	0.247927	0.254855	0.251925	0.249985	0.249969	0.248651	0.254938	0.251201	0.256170	0.254258	0.256610	0.249744	0.250051	0.250665	0.246171	0.249678	0.253943	0.248742	0.255025	
0.251663	0.250106	0.250972	0.253660	0.248300	0.250233	0.248234	0.253651	0.242290	0.248633	0.247585	0.249896	0.249709	0.196169	0.252754	0.247590	0.246209	0.251437	0.000000	0.246708	0.247332	0.246927	0.246045	0.250457	0.247052	0.244707	0.249438	0.250911	0.250831	0.252825	0.248788	0.255334	0.182788	0.255281	0.255907	0.250804	0.251341	0.253855	0.253660	0.254404	0.188173	0.256181	0.237110	0.233154	0.249445	0.248239	0.180901	0.191152	0.196419	0.189255	0.189237	0.188648	0.194528	0.183576	0.201486	0.187509	0.196865	0.197199	0.200945	0.190536	0.191825	0.182061	0.190233	0.192572	0.201478	0.178108	0.185655	0.183819	0.196729	0.190869	0.199931	0.197335	0.189510	0.200895	0.187625	0.196271	0.202902	0.193322	0.195781	0.189696	0.190903	0.194460	
0.206437	0.208249	0.196382	0.229376	0.206944	0.197085	0.227846	0.222089	0.224860	0.220418	0.208844	0.224990	0.196820	0.255757	0.197141	0.227399	0.198254	0.208929	0.246708	0.000000	0.206608	0.196142	0.196499	0.196903	0.206063	0.199388	0.230465	0.227784	0.196032	0.202104	0.204015	0.198783	0.254781	0.204687	0.202934	0.204022	0.223038	0.195495	0.200653	0.219868	0.246102	0.208237	0.228810	0.218951	0.243563	0.240792	0.250578	0.247229	0.248011	0.247063	0.246125	0.245785	0.241971	0.249165	0.248991	0.248327	0.249738	0.243917	0.247885	0.243724	0.251313	0.243800	0.248585	0.242904	0.251658	0.250893	0.249741	0.247777	0.246960	0.247171	0.247492	0.246737	0.249721	0.249967	0.249649	0.247671	0.242497	0.246908	0.245146	0.247331	0.246839	0.249550	
0.206513	0.208395	0.213837	0.224228	0.202507	0.211826	0.225142	0.229678	0.228636	0.228452	0.195485	0.221822	0.201186	0.253718	0.198708	0.223558	0.195048	0.208347	0.247332	0.206608	0.000000	0.205404	0.204118	0.207411	0.195657	0.205204	0.223469	0.227077	0.207102	0.197191	0.203491	0.202322	0.252161	0.212340	0.200627	0.208322	0.221563	0.199524	0.209885	0.223572	0.244247	0.190710	0.228824	0.233101	0.232561	0.238082	0.249849	0.246355	0.245898	0.249849	0.246293	0.248790	0.245646	0.246692	0.249948	0.245582	0.251600	0.243608	0.245418	0.243638	0.249277	0.243068	0.246933	0.239786	0.254758	0.247556	0.247535	0.247907	0.246078	0.244897	0.253127	0.249019	0.250264	0.249505	0.249434	0.247045	0.244843	0.242603	0.244181	0.253252	0.241155	0.246498	
0.197072	0.202906	0.190115	0.226992	0.190762	0.209281	0.225974	0.223893	0.216739	0.214675	0.195194	0.226129	0.207049	0.248440	0.198582	0.224004	0.196935	0.204928	0.246927	0.196142	0.205404	0.000000	0.195803	0.205947	0.197775	0.188873	0.225476	0.229046	0.198892	0.193739	0.192295	0.187892	0.255336	0.202295	0.203046	0.200801	0.221335	0.201257	0.197742	0.224020	0.242608	0.193689	0.225293	0.226297	0.241414	0.235204	0.245733	0.245732	0.245810	0.244949	0.243471	0.250481	0.243351	0.249058	0.245082	0.246843	0.245121	0.243920	0.244227	0.243090	0.250534	0.241802	0.245919	0.243393	0.254790	0.247887	0.242022	0.248253	0.244082	0.248184	0.248643	0.246918	0.251609	0.248400	0.249482	0.243108	0.245342	0.244684	0.237805	0.248512	0.241816	0.246348	
0.200876	0.206330	0.210946	0.228114	0.213529	0.194181	0.227032	0.224205	0.215857	0.213583	0.210888	0.225029	0.199320	0.250813	0.203184	0.223692	0.200393	0.197343	0.246045	0.196499	0.204118	0.195803	0.000000	0.194481	0.211056	0.201110	0.229107	0.222970	0.200066	0.190442	0.197442	0.196839	0.261540	0.200943	0.207160	0.202463	0.225904	0.195775	0.200208	0.224795	0.246359	0.195074	0.228152	0.224564	0.243034	0.238223	0.249335	0.247733	0.247579	0.250220	0.246619	0.247818	0.245150	0.243386	0.245922	0.245752	0.246783	0.247182	0.245101	0.244945	0.249003	0.247602	0.244330	0.243423	0.254585	0.247327	0.245845	0.245620	0.245716	0.247457	0.250468	0.246909	0.252973	0.248302	0.248704	0.243584	0.246047	0.245034	0.243748	0.250863	0.246048	0.248061	
0.194803	0.200104	0.201639	0.228461	0.213570	0.198569	0.227164	0.223017	0.210823	0.216551	0.193316	0.225914	0.203766	0.250351	0.195034	0.216874	0.196610	0.197453	0.250457	0.196903	0.207411	0.205947	0.194481	0.000000	0.213041	0.199139	0.230062	0.222897	0.204314	0.193062	0.198541	0.201475	0.262387	0.194147	0.204835	0.198074	0.228194	0.206004	0.200819	0.222251	0.247582	0.195727	0.225504	0.221833	0.242276	0.239753	0.251445	0.246033	0.246732	0.249969	0.250623	0.246616	0.247168	0.246960	0.246507	0.251698	0.245820	0.247132	0.249440	0.247390	0.251193	0.244367	0.248764	0.246862	0.252785	0.248745	0.246374	0.244172	0.246418	0.243802	0.247239	0.250940	0.252856	0.251454	0.246819	0.248356	0.249118	0.242365	0.244826	0.252967	0.249328	0.245137	
0.207801	0.190848	0.203391	0.229906	0.212082	0.196009	0.217325	0.221853	0.217311	0.217220	0.198042	0.232206	0.205425	0.253720	0.197083	0.220323	0.204396	0.199260	0.247052	0.206063	0.195657	0.197775	0.211056	0.213041	0.000000	0.208920	0.228255	0.224205	0.193632	0.198056	0.192374	0.199568	0.255954	0.195532	0.200240	0.197188	0.226782	0.197000	0.190935	0.222338	0.245838	0.195281	0.228847	0.228718	0.241496	0.235808	0.249456	0.247510	0.249401	0.246940	0.248599	0.248615	0.246216	0.247601	0.252027	0.247499	0.249658	0.246704	0.250608	0.242546	0.249100	0.244843	0.246891	0.243976	0.250794	0.245195	0.248165	0.248359	0.246699	0.251027	0.246346	0.249188	0.247747	0.249787	0.248712	0.249361	0.252020	0.243364	0.248186	0.249388	0.245461	0.252217	
0.189688	0.208574	0.202138	0.231667	0.190886	0.194762	0.224936	0.218176	0.214964	0.220867	0.195989	0.228332	0.196976	0.249577	0.198212	0.222703	0.191095	0.208547	0.244707	0.199388	0.205204	0.188873	0.201110	0.199139	0.208920	0.000000	0.230539	0.225395	0.192661	0.204720	0.202075	0.194002	0.258256	0.203180	0.197788	0.195566	0.224119	0.201341	0.198734	0.225330	0.246901	0.194837	0.224109	0.230469	0.241084	0.240477	0.247635	0.248539	0.248041	0.249132	0.247056	0.246160	0.247334	0.250000	0.248878	0.243718	0.251729	0.246451	0.247787	0.245354	0.249766	0.244894	0.251643	0.246610	0.254990	0.248769	0.247136	0.248863	0.246401	0.248968	0.247893	0.249107	0.250750	0.249933	0.250065	0.244455	0.248624	0.248049	0.245321	0.251537	0.249049	0.250997	
0.231502	0.224707	0.223317	0.215419	0.218672	0.220828	0.208223	0.205309	0.228068	0.225706	0.219827	0.205816	0.225490	0.253867	0.227165	0.222552	0.219683	0.229134	0.249438	0.230465	0.223469	0.225476	0.229107	0.230062	0.228255	0.230539	0.000000	0.214689	0.220680	0.215815	0.229523	0.219996	0.256150	0.226383	0.221834	0.232241	0.201219	0.226239	0.228831	0.198803	0.247631	0.227098	0.229625	0.235743	0.218540	0.224845	0.252534	0.249687	0.251988	0.251165	0.250047	0.247699	0.244811	0.253529	0.253013	0.252266	0.253440	0.247687	0.249108	0.242852	0.251299	0.248003	0.249860	0.249842	0.253454	0.247073	0.250595	0.250000	0.246757	0.251397	0.245727	0.253136	0.255059	0.250131	0.249585	0.248415	0.250016	0.249772	0.252080	0.248689	0.248455	0.252461	
0.238628	0.236047	0.232451	0.207524	0.234849	0.229444	0.210370	0.210885	0.220203	0.220989	0.231837	0.211266	0.225439	0.254120	0.224611	0.228200	0.226468	0.234589	0.250911	0.227784	0.227077	0.229046	0.222970	0.222897	0.224205	0.225395	0.214689	0.000000	0.228922	0.222154	0.228939	0.229541	0.259754	0.224459	0.231724	0.224790	0.211091	0.237666	0.226884	0.212346	0.249778	0.224157	0.231298	0.237691	0.230693	0.222771	0.252060	0.251845	0.253674	0.248821	0.250921	0.247327	0.249506	0.249966	0.250871	0.249633	0.253800	0.246400	0.246659	0.246274	0.250422	0.250678	0.250183	0.249038	0.248714	0.247025	0.253757	0.250648	0.249799	0.253390	0.251088	0.251295	0.251049	0.256714	0.253401	0.246914	0.250348	0.246803	0.248847	0.247851	0.252029	0.256326	
0.200799	0.201941	0.191793	0.229453	0.185320	0.191477	0.214446	0.227613	0.219377	0.211137	0.194350	0.225696	0.190341	0.255951	0.200729	0.215254	0.185489	0.203824	0.250831	0.196032	0.207102	0.198892	0.200066	0.204314	0.193632	0.192661	0.220680	0.228922	0.000000	0.187945	0.194753	0.191161	0.257002	0.198571	0.188081	0.183226	0.226957	0.183948	0.191302	0.228459	0.250597	0.195133	0.228417	0.227010	0.244097	0.241273	0.253342	0.249918	0.253266	0.249062	0.252084	0.250872	0.248342	0.253834	0.254079	0.250663	0.249813	0.250980	0.249794	0.250254	0.254758	0.248780	0.253793	0.249836	0.256708	0.252028	0.250349	0.250631	0.251938	0.250890	0.248274	0.251182	0.253566	0.252627	0.254006	0.252154	0.254808	0.251822	0.251423	0.255342	0.251212	0.251689	
0.204808	0.212866	0.195350	0.228182	0.202873	0.183645	0.226359	0.216398	0.210300	0.210495	0.193354	0.228005	0.195314	0.256430	0.200384	0.215641	0.195275	0.203442	0.252825	0.202104	0.197191	0.193739	0.190442	0.193062	0.198056	0.204720	0.215815	0.222154	0.187945	0.000000	0.180491	0.193212	0.254951	0.189999	0.192724	0.189544	0.224064	0.182511	0.200298	0.222311	0.248385	0.189726	0.226902	0.226917	0.242951	0.240821	0.253319	0.248765	0.252071	0.254347	0.250433	0.248963	0.247638	0.251937	0.250638	0.248878	0.251809	0.250366	0.248464	0.249983	0.249764	0.249594	0.251116	0.246560	0.253877	0.253542	0.250687	0.247182	0.247949	0.248280	0.249935	0.247103	0.249313	0.250740	0.251573	0.249259	0.253048	0.248058	0.246875	0.253645	0.245469	0.252053	
0.195991	0.200373	0.202348	0.221158	0.200380	0.193219	0.222723	0.217799	0.216260	0.220546	0.190603	0.220118	0.204648	0.256944	0.196339	0.215498	0.200317	0.202806	0.248788	0.204015	0.203491	0.192295	0.197442	0.198541	0.192374	0.202075	0.229523	0.228939	0.194753	0.180491	0.000000	0.191558	0.256979	0.194648	0.204664	0.192846	0.219180	0.196025	0.194735	0.229577	0.252702	0.191143	0.227979	0.231949	0.244559	0.243147	0.252130	0.254188	0.251396	0.255314	0.250826	0.253703	0.253868	0.254552	0.254344	0.253015	0.257777	0.250511	0.250970	0.252464	0.252510	0.250692	0.248593	0.248396	0.256912	0.250681	0.250574	0.250600	0.250175	0.251207	0.253272	0.255859	0.252328	0.255447	0.256558	0.251879	0.253552	0.249717	0.249984	0.257658	0.252849	0.257376	
0.203301	0.212649	0.200834	0.225287	0.196931	0.189314	0.226948	0.213868	0.216229	0.211728	0.198494	0.219641	0.200313	0.257933	0.205891	0.218637	0.195166	0.209622	0.255334	0.198783	0.202322	0.187892	0.196839	0.201475	0.199568	0.194002	0.219996	0.229541	0.191161	0.193212	0.191558	0.000000	0.263862	0.202897	0.199760	0.195050	0.218933	0.196343	0.197212	0.217454	0.255427	0.205707	0.230912	0.230764	0.242734	0.236716	0.257249	0.254459	0.256125	0.257085	0.255341	0.255904	0.252380	0.257386	0.255269	0.255119	0.257110	0.253513	0.251755	0.251620	0.255991	0.253270	0.254680	0.255521	0.258479	0.253102	0.255955	0.256378	0.256344	0.254931	0.257556	0.254732	0.255772	0.258380	0.256240	0.252003	0.255168	0.254527	0.251400	0.259131	0.251301	0.255974	
0.255308	0.254566	0.258973	0.262111	0.250821	0.258737	0.255668	0.264047	0.254096	0.251003	0.259927	0.258864	0.252329	0.197509	0.257303	0.253904	0.254885	0.260379	0.182788	0.254781	0.252161	0.255336	0.261540	0.262387	0.255954	0.258256	0.256150	0.259754	0.257002	0.254951	0.256979	0.263862	0.000000	0.262635	0.254200	0.254719	0.261923	0.262141	0.266073	0.263426	0.182725	0.262009	0.239861	0.241092	0.250890	0.252987	0.192472	0.184946	0.195936	0.205619	0.209496	0.198626	0.198052	0.201211	0.197642	0.193662	0.208319	0.197461	0.205352	0.191583	0.196815	0.191357	0.199629	0.190114	0.198967	0.193815	0.202362	0.187069	0.194020	0.190869	0.202405	0.195710	0.196626	0.204821	0.191088	0.197173	0.198110	0.188807	0.190280	0.188806	0.203772	0.186165	
0.203473	0.203858	0.208389	0.236392	0.211023	0.196839	0.228356	0.220033	0.203548	0.211578	0.209679	0.231063	0.197279	0.258725	0.203023	0.216439	0.207667	0.195477	0.255281	0.204687	0.212340	0.202295	0.200943	0.194147	0.195532	0.203180	0.226383	0.224459	0.198571	0.189999	0.194648	0.202897	0.262635	0.000000	0.204735	0.197321	0.223804	0.200940	0.188174	0.230964	0.251594	0.206705	0.230971	0.232919	0.249596	0.245572	0.258811	0.256368	0.260064	0.255990	0.254835	0.255152	0.254501	0.259946	0.254063	0.253269	0.256169	0.251715	0.253437	0.247128	0.256797	0.254680	0.254102	0.254404	0.258963	0.256171	0.254186	0.255822	0.254760	0.254656	0.252302	0.258004	0.258308	0.256134	0.256477	0.257275	0.254919	0.254506	0.253048	0.254828	0.253927	0.252540	
0.201885	0.206077	0.203931	0.231885	0.201900	0.190870	0.224970	0.225802	0.215802	0.205217	0.195372	0.229238	0.188535	0.255834	0.204821	0.223107	0.191837	0.199287	0.255907	0.202934	0.200627	0.203046	0.207160	0.204835	0.200240	0.197788	0.221834	0.231724	0.188081	0.192724	0.204664	0.199760	0.254200	0.204735	0.000000	0.195718	0.223142	0.190062	0.201235	0.215836	0.251270	0.206486	0.226468	0.228308	0.242217	0.241382	0.256735	0.254461	0.257562	0.256119	0.254444	0.255420	0.249003	0.253887	0.257485	0.254207	0.257887	0.251478	0.252858	0.254610	0.259653	0.252032	0.254272	0.251942	0.257512	0.255133	0.257506	0.254113	0.255692	0.252230	0.255869	0.259099	0.254738	0.257302	0.256477	0.253484	0.253546	0.249951	0.253844	0.255844	0.253188	0.255708	
0.196400	0.199936	0.194549	0.230944	0.191115	0.192435	0.221101	0.225774	0.215706	0.219822	0.181986	0.233357	0.197080	0.257297	0.197111	0.215629	0.200209	0.204358	0.250804	0.204022	0.208322	0.200801	0.202463	0.198074	0.197188	0.195566	0.232241	0.224790	0.183226	0.189544	0.192846	0.195050	0.254719	0.197321	0.195718	0.000000	0.227463	0.185828	0.192874	0.226627	0.248065	0.193145	0.225922	0.231602	0.244560	0.242171	0.254039	0.253808	0.252907	0.252712	0.253258	0.249674	0.252187	0.253451	0.253591	0.250872	0.255434	0.250784	0.251560	0.248768	0.254665	0.248786	0.252076	0.250108	0.258528	0.255136	0.253445	0.253039	0.249708	0.248719	0.254129	0.251336	0.254266	0.253670	0.257120	0.252789	0.251216	0.249522	0.252433	0.256140	0.250579	0.253861	
0.221822	0.224470	0.231009	0.209386	0.226548	0.222257	0.197617	0.199682	0.222284	0.224552	0.222873	0.188068	0.226715	0.257013	0.231415	0.227572	0.215071	0.222640	0.251341	0.223038	0.221563	0.221335	0.225904	0.228194	0.226782	0.224119	0.201219	0.211091	0.226957	0.224064	0.219180	0.218933	0.261923	0.223804	0.223142	0.227463	0.000000	0.228837	0.236280	0.195938	0.252183	0.236695	0.230011	0.235070	0.222966	0.223242	0.253850	0.256890	0.255411	0.257935	0.256470	0.255570	0.251060	0.255272	0.258269	0.255629	0.257757	0.251530	0.252658	0.254378	0.257321	0.249840	0.252986	0.248916	0.257960	0.258570	0.250169	0.256254	0.254417	0.254367	0.255300	0.257919	0.255374	0.259119	0.256273	0.255464	0.256325	0.248193	0.249935	0.255643	0.246630	0.255644	
0.198623	0.198711	0.197878	0.224518	0.198036	0.191993	0.229822	0.228053	0.228800	0.227550	0.198732	0.227078	0.185098	0.257493	0.193859	0.226458	0.195476	0.193891	0.253855	0.195495	0.199524	0.201257	0.195775	0.206004	0.197000	0.201341	0.226239	0.237666	0.183948	0.182511	0.196025	0.196343	0.262141	0.200940	0.190062	0.185828	0.228837	0.000000	0.199699	0.229625	0.251105	0.194254	0.225830	0.231182	0.245249	0.244426	0.252567	0.252049	0.256318	0.255814	0.251026	0.255280	0.249554	0.255155	0.256079	0.254303	0.252791	0.255787	0.251685	0.249508	0.256883	0.251730	0.252914	0.249721	0.255987	0.254685	0.253945	0.249094	0.253194	0.251256	0.253406	0.255527	0.252510	0.251557	0.254631	0.250774	0.250735	0.247640	0.251673	0.253349	0.247195	0.254010	
0.198193	0.196806	0.198940	0.233369	0.204555	0.184573	0.232286	0.224228	0.218983	0.221108	0.203485	0.233141	0.203506	0.257418	0.180882	0.217626	0.209645	0.191591	0.253660	0.200653	0.209885	0.197742	0.200208	0.200819	0.190935	0.198734	0.228831	0.226884	0.191302	0.200298	0.194735	0.197212	0.266073	0.188174	0.201235	0.192874	0.236280	0.199699	0.000000	0.226422	0.249556	0.195087	0.230022	0.232644	0.243229	0.240811	0.253506	0.250542	0.255012	0.253811	0.254415	0.254440	0.250383	0.253261	0.251901	0.254042	0.253666	0.252793	0.254943	0.251569	0.258802	0.247162	0.250779	0.252080	0.256503	0.253506	0.252406	0.252903	0.249819	0.250260	0.252382	0.252174	0.257224	0.253616	0.252861	0.256046	0.252662	0.247344	0.254593	0.259397	0.250917	0.255857	
0.233087	0.224095	0.230735	0.207154	0.229043	0.221224	0.201223	0.202418	0.222215	0.212227	0.228190	0.207178	0.224297	0.259176	0.222057	0.214276	0.218481	0.228527	0.254404	0.219868	0.223572	0.224020	0.224795	0.222251	0.222338	0.225330	0.198803	0.212346	0.228459	0.222311	0.229577	0.217454	0.263426	0.230964	0.215836	0.226627	0.195938	0.229625	0.226422	0.000000	0.250923	0.232266	0.227701	0.235957	0.218233	0.215376	0.254894	0.257630	0.252219	0.251803	0.251799	0.251166	0.249126	0.254668	0.256029	0.259646	0.259637	0.255326	0.251613	0.250792	0.256228	0.254166	0.256833	0.248632	0.256502	0.258096	0.253081	0.253341	0.250568	0.253670	0.252312	0.254949	0.256171	0.255920	0.257574	0.255866	0.251553	0.253705	0.250066	0.258062	0.252037	0.255883	
0.246797	0.242624	0.249500	0.253724	0.252211	0.249658	0.254145	0.247384	0.246190	0.245176	0.243422	0.255227	0.244865	0.182447	0.248254	0.248144	0.246251	0.246217	0.188173	0.246102	0.244247	0.242608	0.246359	0.247582	0.245838	0.246901	0.247631	0.249778	0.250597	0.248385	0.252702	0.255427	0.182725	0.251594	0.251270	0.248065	0.252183	0.251105	0.249556	0.250923	0.000000	0.250748	0.228482	0.228293	0.244857	0.245889	0.203074	0.179893	0.191380	0.193718	0.193769	0.183800	0.177999	0.189110	0.187249	0.198896	0.199921	0.195495	0.190779	0.184382	0.199061	0.187036	0.200452	0.197566	0.193924	0.194711	0.179921	0.183869	0.193354	0.189691	0.196535	0.194088	0.195306	0.196166	0.189628	0.188500	0.193210	0.188623	0.184846	0.184308	0.192876	0.189458	
0.202528	0.207835	0.200114	0.226821	0.195482	0.207896	0.232410	0.229821	0.215513	0.225088	0.196153	0.235798	0.197653	0.257113	0.194049	0.218143	0.194687	0.203719	0.256181	0.208237	0.190710	0.193689	0.195074	0.195727	0.195281	0.194837	0.227098	0.224157	0.195133	0.189726	0.191143	0.205707	0.262009	0.206705	0.206486	0.193145	0.236695	0.194254	0.195087	0.232266	0.250748	0.000000	0.230271	0.232500	0.245921	0.242964	0.253950	0.256458	0.253970	0.250334	0.256400	0.254483	0.251823	0.254191	0.254177	0.254989	0.259190	0.252184	0.254038	0.252456	0.260030	0.253371	0.253143	0.253393	0.259781	0.253405	0.250578	0.257972	0.249599	0.254883	0.258916	0.254637	0.257074	0.255876	0.257717	0.255108	0.252934	0.251614	0.252651	0.254896	0.253749	0.260324	
0.228872	0.228713	0.233080	0.233820	0.232181	0.227938	0.232825	0.230526	0.224904	0.228881	0.228583	0.232740	0.230131	0.232298	0.231398	0.230013	0.223427	0.219665	0.237110	0.228810	0.228824	0.225293	0.228152	0.225504	0.228847	0.224109	0.229625	0.231298	0.228417	0.226902	0.227979	0.230912	0.239861	0.230971	0.226468	0.225922	0.230011	0.225830	0.230022	0.227701	0.228482	0.230271	0.000000	0.217271	0.226065	0.225476	0.230917	0.236038	0.235027	0.232014	0.231788	0.231645	0.233723	0.234529	0.236379	0.232244	0.236027	0.229510	0.230068	0.229323	0.235471	0.230347	0.231461	0.230987	0.235764	0.237124	0.237994	0.233080	0.231940	0.232251	0.232461	0.233346	0.234936	0.236390	0.234746	0.234235	0.232958	0.229221	0.231483	0.234088	0.235565	0.233641	
0.230895	0.230890	0.233988	0.238107	0.233198	0.230414	0.237752	0.235316	0.229920	0.229173	0.225672	0.239345	0.229932	0.237377	0.231341	0.235640	0.224936	0.232160	0.233154	0.218951	0.233101	0.226297	0.224564	0.221833	0.228718	0.230469	0.235743	0.237691	0.227010	0.226917	0.231949	0.230764	0.241092	0.232919	0.228308	0.231602	0.235070	0.231182	0.232644	0.235957	0.228293	0.232500	0.217271	0.000000	0.227249	0.222507	0.230856	0.228491	0.230095	0.231621	0.231271	0.228686	0.232727	0.229599	0.234537	0.237835	0.233846	0.231236	0.232889	0.231631	0.236482	0.231463	0.231621	0.230347	0.234121	0.231102	0.230624	0.230654	0.234053	0.231254	0.231001	0.231815	0.232384	0.235855	0.231743	0.232235	0.228440	0.233138	0.233434	0.235721	0.230561	0.232961	
0.246208	0.244004	0.249003	0.223665	0.245048	0.244460	0.230243	0.222889	0.241041	0.240909	0.244062	0.223628	0.240289	0.253143	0.244611	0.244706	0.243459	0.246497	0.249445	0.243563	0.232561	0.241414	0.243034	0.242276	0.241496	0.241084	0.218540	0.230693	0.244097	0.242951	0.244559	0.242734	0.250890	0.249596	0.242217	0.244560	0.222966	0.245249	0.243229	0.218233	0.244857	0.245921	0.226065	0.227249	0.000000	0.190988	0.247164	0.246216	0.249056	0.248360	0.250760	0.247346	0.246956	0.247672	0.252509	0.251893	0.251319	0.251928	0.251646	0.251213	0.250208	0.246590	0.246324	0.248590	0.248149	0.251542	0.250226	0.249426	0.246001	0.247469	0.245209	0.252882	0.250345	0.248112	0.250538	0.248401	0.249864	0.241810	0.244919	0.246958	0.250731	0.248630	
0.243724	0.246270	0.241828	0.227285	0.244891	0.239276	0.231957	0.220367	0.240816	0.242113	0.245202	0.228558	0.240362	0.254103	0.240775	0.243864	0.241262	0.243841	0.248239	0.240792	0.238082	0.235204	0.238223	0.239753	0.235808	0.240477	0.224845	0.222771	0.241273	0.240821	0.243147	0.236716	0.252987	0.245572	0.241382	0.242171	0.223242	0.244426	0.240811	0.215376	0.245889	0.242964	0.225476	0.222507	0.190988	0.000000	0.250426	0.246720	0.247910	0.248613	0.249030	0.245754	0.247823	0.249092	0.248264	0.250225	0.252193	0.247456	0.248658	0.245745	0.249331	0.244884	0.251662	0.246436	0.251181	0.248871	0.248064	0.247897	0.249770	0.247817	0.244821	0.250722	0.253424	0.248195	0.252962	0.250690	0.249797	0.244715	0.247559	0.248297	0.248923	0.249545	
0.245959	0.244711	0.249831	0.252781	0.251499	0.253836	0.252384	0.251553	0.246924	0.252015	0.247449	0.249026	0.248995	0.184843	0.251517	0.250064	0.249860	0.251178	0.180901	0.250578	0.249849	0.245733	0.249335	0.251445	0.249456	0.247635	0.252534	0.252060	0.253342	0.253319	0.252130	0.257249	0.192472	0.258811	0.256735	0.254039	0.253850	0.252567	0.253506	0.254894	0.203074	0.253950	0.230917	0.230856	0.247164	0.250426	0.000000	0.201612	0.194919	0.172796	0.194738	0.200226	0.201290	0.210615	0.197921	0.181699	0.196325	0.187472	0.209143	0.182671	0.180408	0.192644	0.192998	0.197569	0.195590	0.176908	0.196087	0.200198	0.197857	0.184760	0.198121	0.186577	0.190532	0.207346	0.193503	0.195683	0.187739	0.193808	0.193158	0.199799	0.190100	0.199117	
0.246471	0.246954	0.247250	0.254161	0.254462	0.251697	0.257690	0.252665	0.246621	0.251349	0.248174	0.257183	0.246941	0.197874	0.248389	0.249232	0.251292	0.253000	0.191152	0.247229	0.246355	0.245732	0.247733	0.246033	0.247510	0.248539	0.249687	0.251845	0.249918	0.248765	0.254188	0.254459	0.184946	0.256368	0.254461	0.253808	0.256890	0.252049	0.250542	0.257630	0.179893	0.256458	0.236038	0.228491	0.246216	0.246720	0.201612	0.000000	0.194298	0.200111	0.190704	0.203196	0.187366	0.195892	0.185367	0.196716	0.190361	0.191374	0.202700	0.189894	0.202830	0.188776	0.204871	0.188949	0.197432	0.193914	0.194569	0.184008	0.193120	0.193316	0.186469	0.183415	0.201553	0.191009	0.186235	0.206920	0.195139	0.187303	0.193892	0.182769	0.194811	0.189768	
0.248072	0.248353	0.250848	0.255894	0.251673	0.251054	0.257587	0.252768	0.253631	0.253245	0.247230	0.254267	0.246858	0.192291	0.247559	0.250268	0.249847	0.252466	0.196419	0.248011	0.245898	0.245810	0.247579	0.246732	0.249401	0.248041	0.251988	0.253674	0.253266	0.252071	0.251396	0.256125	0.195936	0.260064	0.257562	0.252907	0.255411	0.256318	0.255012	0.252219	0.191380	0.253970	0.235027	0.230095	0.249056	0.247910	0.194919	0.194298	0.000000	0.198663	0.189201	0.192625	0.196558	0.197743	0.184550	0.192662	0.188219	0.198953	0.197961	0.210389	0.194314	0.186957	0.187409	0.184378	0.206009	0.198453	0.182231	0.199854	0.198292	0.198529	0.196455	0.181277	0.195922	0.199162	0.195783	0.194218	0.200151	0.197180	0.182539	0.197936	0.194305	0.190652	
0.249552	0.241702	0.253468	0.253629	0.252100	0.253504	0.252641	0.249984	0.246322	0.249574	0.246049	0.252891	0.250859	0.185717	0.251493	0.246927	0.250201	0.247691	0.189255	0.247063	0.249849	0.244949	0.250220	0.249969	0.246940	0.249132	0.251165	0.248821	0.249062	0.254347	0.255314	0.257085	0.205619	0.255990	0.256119	0.252712	0.257935	0.255814	0.253811	0.251803	0.193718	0.250334	0.232014	0.231621	0.248360	0.248613	0.172796	0.200111	0.198663	0.000000	0.190009	0.177624	0.191413	0.197860	0.186765	0.178446	0.198192	0.198907	0.194310	0.190746	0.184287	0.195372	0.188746	0.196233	0.200049	0.187670	0.179061	0.205144	0.197492	0.196256	0.192839	0.197824	0.183794	0.196108	0.205949	0.187304	0.196774	0.196257	0.197693	0.202569	0.181415	0.203012	
0.252101	0.246131	0.251201	0.252899	0.251005	0.249832	0.254867	0.251885	0.250261	0.248138	0.248088	0.251425	0.246251	0.192776	0.251969	0.250900	0.240909	0.248539	0.189237	0.246125	0.246293	0.243471	0.246619	0.250623	0.248599	0.247056	0.250047	0.250921	0.252084	0.250433	0.250826	0.255341	0.209496	0.254835	0.254444	0.253258	0.256470	0.251026	0.254415	0.251799	0.193769	0.256400	0.231788	0.231271	0.250760	0.249030	0.194738	0.190704	0.189201	0.190009	0.000000	0.187001	0.190729	0.194907	0.197640	0.193293	0.200209	0.192285	0.199211	0.196706	0.191989	0.191803	0.195789	0.183241	0.180613	0.194483	0.191408	0.195940	0.190550	0.187863	0.194430	0.197644	0.190619	0.183022	0.189656	0.194153	0.198425	0.197714	0.198309	0.201257	0.202051	0.204675	
0.248469	0.245566	0.252569	0.250977	0.251861	0.253098	0.252556	0.252893	0.246033	0.250868	0.246838	0.250939	0.248488	0.193397	0.250236	0.250454	0.247605	0.251048	0.188648	0.245785	0.248790	0.250481	0.247818	0.246616	0.248615	0.246160	0.247699	0.247327	0.250872	0.248963	0.253703	0.255904	0.198626	0.255152	0.255420	0.249674	0.255570	0.255280	0.254440	0.251166	0.183800	0.254483	0.231645	0.228686	0.247346	0.245754	0.200226	0.203196	0.192625	0.177624	0.187001	0.000000	0.195512	0.191732	0.195296	0.191183	0.198934	0.206497	0.196007	0.188412	0.184030	0.195667	0.194003	0.193740	0.195577	0.197928	0.187220	0.193601	0.187606	0.189755	0.199023	0.200773	0.182994	0.199154	0.199795	0.173934	0.193450	0.191127	0.184985	0.190712	0.200028	0.192898	
0.248466	0.243415	0.247702	0.249319	0.252329	0.250638	0.252738	0.248899	0.246150	0.247768	0.247649	0.251074	0.245202	0.185475	0.248278	0.249200	0.244114	0.249808	0.194528	0.241971	0.245646	0.243351	0.245150	0.247168	0.246216	0.247334	0.244811	0.249506	0.248342	0.247638	0.253868	0.252380	0.198052	0.254501	0.249003	0.252187	0.251060	0.249554	0.250383	0.249126	0.177999	0.251823	0.233723	0.232727	0.246956	0.247823	0.201290	0.187366	0.196558	0.191413	0.190729	0.195512	0.000000	0.184933	0.196763	0.198896	0.199005	0.189905	0.194788	0.190608	0.195636	0.194204	0.192148	0.184199	0.187774	0.201065	0.187751	0.198486	0.201407	0.199820	0.197026	0.198289	0.197386	0.187409	0.192044	0.185134	0.181292	0.193035	0.192521	0.180471	0.185973	0.195489	
0.250188	0.247207	0.252123	0.254561	0.250840	0.251771	0.255239	0.255544	0.249753	0.251473	0.250408	0.253418	0.247056	0.193575	0.249672	0.251374	0.244782	0.251915	0.183576	0.249165	0.246692	0.249058	0.243386	0.246960	0.247601	0.250000	0.253529	0.249966	0.253834	0.251937	0.254552	0.257386	0.201211	0.259946	0.253887	0.253451	0.255272	0.255155	0.253261	0.254668	0.189110	0.254191	0.234529	0.229599	0.247672	0.249092	0.210615	0.195892	0.197743	0.197860	0.194907	0.191732	0.184933	0.000000	0.202453	0.186008	0.188228	0.194724	0.183509	0.205101	0.190323	0.196141	0.190378	0.188134	0.194545	0.205946	0.195959	0.190714	0.192286	0.193961	0.193567	0.189530	0.186979	0.193286	0.191966	0.189436	0.202446	0.189617	0.195337	0.188460	0.197926	0.195402	
