0.964755	0.109240	0.089932	0.000364	0.072315	0.060839	0.007896	0.033630	0.027670	0.010288	0.083533	0.029813	0.055547	-0.093717	0.105363	0.020998	0.085880	0.101871	-0.093532	0.059603	0.065560	0.088926	0.077755	0.099767	0.070726	0.133916	-0.005303	-0.025175	0.086593	0.067698	0.101084	0.078674	-0.093752	0.090550	0.082875	0.099606	0.027275	0.089895	0.103252	-0.012554	-0.089040	0.091324	-0.010423	-0.021347	-0.038162	-0.035965	-0.077146	-0.085726	-0.085016	-0.089734	-0.095225	-0.086294	-0.088965	-0.090891	-0.092046	-0.081209	-0.086462	-0.041310	-0.090653	-0.069157	-0.080047	-0.076880	-0.081999	-0.082478	-0.086182	-0.083136	-0.086407	-0.093182	-0.088758	-0.093489	-0.091422	-0.084927	-0.081680	-0.083730	-0.087001	-0.083138	-0.083238	-0.084105	-0.072275	-0.096020	-0.071525	-0.082220	
0.109240	0.975318	0.080858	-0.017882	0.077525	0.063672	0.008004	0.019919	0.005857	0.009255	0.050738	-0.013518	0.047470	-0.084376	0.128556	0.010338	0.070793	0.124820	-0.094045	0.069438	0.059599	0.076240	0.071020	0.080036	0.130265	0.054417	0.018163	-0.017686	0.084325	0.039850	0.080510	0.045970	-0.090941	0.089570	0.076692	0.086160	0.020852	0.096542	0.103413	0.021323	-0.075761	0.070089	-0.011044	-0.025213	-0.037817	-0.039725	-0.075053	-0.085280	-0.087697	-0.072522	-0.080629	-0.084713	-0.082654	-0.086628	-0.081937	-0.090532	-0.076428	-0.063720	-0.034527	-0.076654	-0.084599	-0.069175	-0.077141	-0.073333	-0.081942	-0.079510	-0.070945	-0.089691	-0.080195	-0.073638	-0.078824	-0.078877	-0.076688	-0.068941	-0.084038	-0.071622	-0.088391	-0.068177	-0.083930	-0.086893	-0.084495	-0.079549	
0.089932	0.080858	0.962933	0.026988	0.112160	0.088592	0.009751	0.023776	0.027603	0.022136	0.118640	0.024151	0.110059	-0.089469	0.085553	0.048350	0.060911	0.064306	-0.093741	0.115232	0.045478	0.115285	0.060427	0.084666	0.077031	0.080648	0.026612	-0.000668	0.112874	0.097276	0.081245	0.092210	-0.087599	0.076035	0.094793	0.119432	-0.001234	0.103404	0.106502	-0.003180	-0.090683	0.110309	-0.022949	-0.020245	-0.050984	-0.026939	-0.082467	-0.078240	-0.090729	-0.094779	-0.092112	-0.090281	-0.087339	-0.093029	-0.096445	-0.094715	-0.089955	-0.082032	-0.093691	-0.067129	-0.090266	-0.091649	-0.088835	-0.085432	-0.090542	-0.095660	-0.094326	-0.086960	-0.091050	-0.086102	-0.087488	-0.093494	-0.096648	-0.090688	-0.092862	-0.091778	-0.095697	-0.096060	-0.083467	-0.093986	-0.083750	-0.088112	
0.000364	-0.017882	0.026988	1.373777	0.008342	-0.010143	0.129973	0.170344	0.020602	0.035307	0.006516	0.171573	0.024961	-0.081108	0.022944	0.025691	0.028818	0.009739	-0.085623	0.003165	0.024262	0.013468	0.009036	0.011107	0.003619	-0.000486	0.116540	0.165551	0.003359	-0.001061	0.041073	0.034441	-0.090745	-0.001473	-0.002211	0.004662	0.153147	0.025831	-0.001544	0.167023	-0.087962	0.019700	0.013065	-0.007742	0.110995	0.100061	-0.081125	-0.077796	-0.081690	-0.078924	-0.084269	-0.074053	-0.065873	-0.080255	-0.080587	-0.080093	-0.084339	-0.077577	-0.088243	-0.064947	-0.034790	-0.084306	-0.085812	-0.077402	-0.078535	-0.075811	-0.084794	-0.078705	-0.073992	-0.071450	-0.081160	-0.083933	-0.075510	-0.081181	-0.089816	-0.090003	-0.086763	-0.087203	-0.078887	-0.075937	-0.091639	-0.081228	
0.072315	0.077525	0.112160	0.008342	0.967051	0.094167	0.050583	-0.009776	0.027789	0.011871	0.131260	0.023143	0.118550	-0.090135	0.094955	0.026873	0.088178	0.051724	-0.084151	0.077820	0.087279	0.119990	0.051093	0.039802	0.047030	0.133542	0.039086	-0.010119	0.146837	0.074926	0.094514	0.110739	-0.085554	0.065704	0.088865	0.122894	0.016503	0.105194	0.080870	-0.002640	-0.098724	0.108156	-0.030617	-0.012181	-0.035550	-0.035063	-0.091642	-0.094655	-0.089897	-0.090035	-0.090986	-0.092582	-0.092958	-0.090703	-0.089035	-0.080063	-0.091599	-0.083874	-0.089872	-0.079879	-0.083265	-0.081184	-0.091683	-0.080186	-0.096787	-0.091962	-0.083050	-0.090380	-0.088565	-0.093004	-0.085352	-0.098139	-0.093895	-0.091077	-0.092211	-0.088977	-0.090970	-0.097635	-0.089814	-0.089827	-0.089956	-0.087944	
0.060839	0.063672	0.088592	-0.010143	0.094167	0.969700	0.006979	0.025076	0.065817	0.058627	0.069256	-0.006199	0.110799	-0.104867	0.104140	0.031601	0.095979	0.073834	-0.095355	0.103709	0.048651	0.049040	0.099670	0.091932	0.103196	0.103332	0.027533	-0.004642	0.119084	0.131587	0.113104	0.123944	-0.100474	0.114881	0.117672	0.112304	0.019006	0.120944	0.156085	0.023911	-0.097726	0.062604	-0.010203	-0.015081	-0.034624	-0.028451	-0.099938	-0.093090	-0.094410	-0.099741	-0.093162	-0.103005	-0.095188	-0.091395	-0.095504	-0.099780	-0.096521	-0.094972	-0.090390	-0.095702	-0.098639	-0.102116	-0.088131	-0.090705	-0.098738	-0.096697	-0.101110	-0.089524	-0.087476	-0.096224	-0.090767	-0.087879	-0.094528	-0.091456	-0.094516	-0.102432	-0.097256	-0.094542	-0.097867	-0.093303	-0.085588	-0.098723	
0.007896	0.008004	0.009751	0.129973	0.050583	0.006979	1.385644	0.098035	0.015208	0.045543	0.023953	0.214096	0.013279	-0.084287	-0.015887	0.035212	0.028101	0.018571	-0.076135	0.010532	0.022103	0.007432	0.013431	0.010184	0.035735	0.014288	0.142016	0.144562	0.046040	0.008161	0.034523	0.022161	-0.065505	0.017484	0.020999	0.034737	0.200534	0.011304	0.001013	0.161931	-0.092288	0.006006	0.000189	-0.009295	0.092814	0.073186	-0.079380	-0.096749	-0.092717	-0.084221	-0.087799	-0.082961	-0.088358	-0.085883	-0.089631	-0.086284	-0.096413	-0.083805	-0.081545	-0.077906	-0.075460	-0.067552	-0.084703	-0.080896	-0.088207	-0.081577	-0.079214	-0.087362	-0.080086	-0.091035	-0.079176	-0.084139	-0.083084	-0.081638	-0.085459	-0.086086	-0.087241	-0.080952	-0.084034	-0.077314	-0.092063	-0.084823	
0.033630	0.019919	0.023776	0.170344	-0.009776	0.025076	0.098035	1.331083	0.044833	0.057204	-0.006397	0.135959	-0.000661	-0.076532	-0.005151	0.035199	0.011501	0.006885	-0.088268	0.022260	0.009088	0.015840	0.019547	0.016921	0.020079	0.031401	0.154863	0.128666	0.006789	0.037894	0.041248	0.077926	-0.096626	0.033556	0.009698	0.011613	0.184529	0.005545	0.013666	0.155791	-0.078878	0.002531	0.012865	0.003550	0.116778	0.129601	-0.084964	-0.086658	-0.080536	-0.082464	-0.080725	-0.085696	-0.081915	-0.093205	-0.082139	-0.093281	-0.080207	-0.078055	-0.088053	-0.068880	-0.087184	-0.090486	-0.079557	-0.087195	-0.082530	-0.087780	-0.089225	-0.091536	-0.090733	-0.079625	-0.076040	-0.081832	-0.089972	-0.087789	-0.089391	-0.083987	-0.087391	-0.081724	-0.077606	-0.095369	-0.085105	-0.089581	
0.027670	0.005857	0.027603	0.020602	0.027789	0.065817	0.015208	0.044833	1.332418	0.269950	0.035346	0.026653	0.009873	-0.069009	0.019889	0.203105	0.032517	0.024523	-0.067830	0.005041	-0.004540	0.021010	0.035031	0.046871	0.022968	0.039599	0.010979	0.054903	0.021533	0.044098	0.029177	0.034709	-0.079821	0.095346	0.045543	0.034096	0.040860	-0.008108	0.026413	0.035283	-0.075742	0.048947	0.020940	0.009212	0.007259	-0.010902	-0.072793	-0.071540	-0.089132	-0.074694	-0.086646	-0.076415	-0.075404	-0.079704	-0.071450	-0.086838	-0.077160	-0.076715	-0.078208	-0.069947	-0.076701	-0.080366	-0.068108	-0.070804	-0.077761	-0.064944	-0.076727	-0.080058	-0.074457	-0.082542	-0.081240	-0.083903	-0.067761	-0.080412	-0.081596	-0.076154	-0.075751	-0.079097	-0.079262	-0.085631	-0.072710	-0.074307	
0.010288	0.009255	0.022136	0.035307	0.011871	0.058627	0.045543	0.057204	0.269950	1.402542	0.006510	0.045536	0.028154	-0.087089	0.017439	0.209596	0.039583	0.019873	-0.079488	0.020212	-0.009881	0.032878	0.038575	0.039961	0.032630	0.025382	0.025440	0.052518	0.046950	0.043006	0.017069	0.050497	-0.060214	0.074821	0.082792	0.025818	0.031098	0.005765	0.024207	0.083122	-0.071554	0.015053	0.008050	0.005583	0.008096	-0.004451	-0.090348	-0.083340	-0.086682	-0.085753	-0.075162	-0.084389	-0.083388	-0.086081	-0.090086	-0.088551	-0.090971	-0.068743	-0.074551	-0.074112	-0.087800	-0.085301	-0.079437	-0.078813	-0.094577	-0.075118	-0.086100	-0.071143	-0.078481	-0.086157	-0.079084	-0.079102	-0.082959	-0.084850	-0.072587	-0.083371	-0.083961	-0.074563	-0.077614	-0.081867	-0.082612	-0.077196	
0.083533	0.050738	0.118640	0.006516	0.131260	0.069256	0.023953	-0.006397	0.035346	0.006510	0.941923	0.018650	0.100994	-0.088355	0.070764	0.041150	0.094134	0.065704	-0.090947	0.055928	0.101139	0.097031	0.048555	0.104815	0.081651	0.109060	0.020320	-0.005231	0.100921	0.098527	0.109895	0.097349	-0.097978	0.063111	0.107702	0.148468	0.013863	0.086945	0.076431	-0.005832	-0.082146	0.107199	-0.012975	-0.009226	-0.039797	-0.038564	-0.089444	-0.093223	-0.086666	-0.087330	-0.091545	-0.088044	-0.088491	-0.092120	-0.093097	-0.085078	-0.098346	-0.082033	-0.080187	-0.079722	-0.095584	-0.081985	-0.095183	-0.086255	-0.089491	-0.092768	-0.078695	-0.090888	-0.084253	-0.090087	-0.086580	-0.096363	-0.089869	-0.083723	-0.086899	-0.085340	-0.097868	-0.080573	-0.089137	-0.087012	-0.080803	-0.087294	
0.029813	-0.013518	0.024151	0.171573	0.023143	-0.006199	0.214096	0.135959	0.026653	0.045536	0.018650	1.350086	-0.000155	-0.090856	0.005483	0.061247	-0.009123	-0.007611	-0.083173	0.013298	0.032098	0.008269	0.014630	0.010135	-0.013936	0.004315	0.160773	0.155295	0.008857	-0.000981	0.047709	0.047322	-0.075666	0.002624	0.008602	-0.005549	0.235846	0.011536	-0.010480	0.148956	-0.096538	-0.013702	-0.010009	-0.016220	0.127444	0.073198	-0.070966	-0.094351	-0.086252	-0.086677	-0.079914	-0.078645	-0.087030	-0.085108	-0.092203	-0.082286	-0.075373	-0.082568	-0.086149	-0.073853	-0.085704	-0.070582	-0.072593	-0.081717	-0.085668	-0.074010	-0.084038	-0.087810	-0.079974	-0.074641	-0.079317	-0.085741	-0.074500	-0.090542	-0.079709	-0.083326	-0.078682	-0.076699	-0.072249	-0.091924	-0.074270	-0.079017	
0.055547	0.047470	0.110059	0.024961	0.118550	0.110799	0.013279	-0.000661	0.009873	0.028154	0.100994	-0.000155	0.963240	-0.100260	0.101018	-0.004771	0.100280	0.070120	-0.095030	0.098207	0.085077	0.049556	0.082231	0.066929	0.061905	0.096729	0.007519	0.008705	0.115667	0.098614	0.066622	0.077763	-0.091718	0.116341	0.132920	0.103273	0.009463	0.142862	0.086253	0.011317	-0.088133	0.103949	-0.020127	-0.023139	-0.033259	-0.031946	-0.089363	-0.082175	-0.080124	-0.093720	-0.086736	-0.090792	-0.083194	-0.088076	-0.086210	-0.091434	-0.093620	-0.076200	-0.089441	-0.079333	-0.087726	-0.084602	-0.093279	-0.081896	-0.088702	-0.098487	-0.093089	-0.089381	-0.079324	-0.083956	-0.084319	-0.098505	-0.094694	-0.085185	-0.096077	-0.095124	-0.082127	-0.084485	-0.082395	-0.086051	-0.080197	-0.088330	
-0.093717	-0.084376	-0.089469	-0.081108	-0.090135	-0.104867	-0.084287	-0.076532	-0.069009	-0.087089	-0.088355	-0.090856	-0.100260	0.839751	-0.089678	-0.078444	-0.094150	-0.093088	0.066489	-0.101220	-0.098755	-0.088980	-0.092336	-0.089786	-0.096905	-0.091400	-0.086581	-0.081983	-0.100914	-0.108279	-0.104190	-0.105762	0.077276	-0.103062	-0.093348	-0.100635	-0.092004	-0.105355	-0.106670	-0.095501	0.097625	-0.102731	-0.033688	-0.046788	-0.070533	-0.072297	0.104613	0.059874	0.077714	0.102735	0.076329	0.071384	0.093173	0.085475	0.066239	0.040970	0.098663	0.084854	0.038941	0.086388	0.083972	0.079902	0.110259	0.052091	0.117189	0.067265	0.084590	0.049323	0.057084	0.050347	0.068795	0.046587	0.053365	0.074159	0.080324	0.082703	0.069423	0.047460	0.053734	0.087016	0.061772	0.093131	
0.105363	0.128556	0.085553	0.022944	0.094955	0.104140	-0.015887	-0.005151	0.019889	0.017439	0.070764	0.005483	0.101018	-0.089678	0.963794	-0.002521	0.070322	0.104757	-0.093104	0.095506	0.100157	0.085219	0.080229	0.108520	0.110110	0.094301	-0.000440	0.026044	0.079813	0.077808	0.102118	0.065272	-0.093841	0.096310	0.075957	0.092997	-0.003398	0.112501	0.167619	0.028834	-0.088504	0.109408	-0.025997	-0.013655	-0.035953	-0.031891	-0.092807	-0.088064	-0.081261	-0.095714	-0.093947	-0.092365	-0.089978	-0.091471	-0.096586	-0.091992	-0.088593	-0.077080	-0.094082	-0.077129	-0.092524	-0.084853	-0.098460	-0.089400	-0.104786	-0.089845	-0.089648	-0.091119	-0.088000	-0.088835	-0.090222	-0.084813	-0.103781	-0.092402	-0.093669	-0.089289	-0.095255	-0.090237	-0.087732	-0.092060	-0.089054	-0.090563	
0.020998	0.010338	0.048350	0.025691	0.026873	0.031601	0.035212	0.035199	0.203105	0.209596	0.041150	0.061247	-0.004771	-0.078444	-0.002521	1.519363	0.009028	0.028125	-0.072647	-0.005191	0.009607	0.009370	0.008445	0.035052	0.021910	0.019682	0.032802	0.023475	0.040887	0.026882	0.045299	0.032114	-0.077945	0.045989	0.030631	0.035146	0.025989	0.008390	0.040188	0.098316	-0.075706	0.040356	0.012046	0.005041	-0.013106	-0.006535	-0.080734	-0.077815	-0.077234	-0.074187	-0.085484	-0.083055	-0.082835	-0.087135	-0.073672	-0.080657	-0.076691	-0.069575	-0.073016	-0.060908	-0.077950	-0.084760	-0.071386	-0.075959	-0.079784	-0.066969	-0.087084	-0.092245	-0.076764	-0.073530	-0.080408	-0.080516	-0.061391	-0.081799	-0.082536	-0.079178	-0.079085	-0.078832	-0.074121	-0.093048	-0.070413	-0.076964	
0.085880	0.070793	0.060911	0.028818	0.088178	0.095979	0.028101	0.011501	0.032517	0.039583	0.094134	-0.009123	0.100280	-0.094150	0.070322	0.009028	0.951908	0.090718	-0.088341	0.090567	0.105806	0.072208	0.066546	0.084919	0.066792	0.108323	0.016598	0.004768	0.127940	0.087552	0.094467	0.091348	-0.089086	0.061005	0.111628	0.078107	0.044001	0.098113	0.050632	0.029539	-0.093649	0.110044	-0.000439	-0.005597	-0.033510	-0.038514	-0.092308	-0.100563	-0.094276	-0.095153	-0.072650	-0.087009	-0.084902	-0.081249	-0.095527	-0.100255	-0.097535	-0.078510	-0.080349	-0.080834	-0.087598	-0.084098	-0.087538	-0.081379	-0.094951	-0.088623	-0.093914	-0.087337	-0.083042	-0.083839	-0.090709	-0.089562	-0.097855	-0.075441	-0.076819	-0.085915	-0.092430	-0.086242	-0.082069	-0.093400	-0.081346	-0.089194	
0.101871	0.124820	0.064306	0.009739	0.051724	0.073834	0.018571	0.006885	0.024523	0.019873	0.065704	-0.007611	0.070120	-0.093088	0.104757	0.028125	0.090718	1.041561	-0.087859	0.069420	0.075299	0.068411	0.100728	0.103966	0.102433	0.059917	0.006373	-0.002107	0.079576	0.083543	0.072269	0.060270	-0.104764	0.126117	0.099550	0.074235	0.035417	0.121113	0.148825	0.004091	-0.085750	0.083498	0.051822	-0.020932	-0.023001	-0.030410	-0.087004	-0.096717	-0.091529	-0.081285	-0.078760	-0.089732	-0.093685	-0.093283	-0.095143	-0.081947	-0.100681	-0.077080	-0.090927	-0.082959	-0.095040	-0.089867	-0.092410	-0.083772	-0.091588	-0.091618	-0.089145	-0.088498	-0.086817	-0.095920	-0.088251	-0.098908	-0.090114	-0.098204	-0.083584	-0.085657	-0.091154	-0.087842	-0.089636	-0.099226	-0.084172	-0.100121	
-0.093532	-0.094045	-0.093741	-0.085623	-0.084151	-0.095355	-0.076135	-0.088268	-0.067830	-0.079488	-0.090947	-0.083173	-0.095030	0.066489	-0.093104	-0.072647	-0.088341	-0.087859	0.820450	-0.082691	-0.085907	-0.089056	-0.085367	-0.095920	-0.086864	-0.087696	-0.080390	-0.082533	-0.098170	-0.103956	-0.092743	-0.099916	0.103094	-0.100048	-0.105963	-0.093574	-0.084516	-0.103533	-0.100998	-0.085942	0.083828	-0.099761	-0.051916	-0.042680	-0.063532	-0.059878	0.103230	0.074057	0.064531	0.079565	0.077913	0.079755	0.059849	0.095469	0.044474	0.085984	0.068522	0.047563	0.040813	0.068745	0.078386	0.099408	0.074450	0.070608	0.047570	0.115918	0.087960	0.091247	0.058348	0.070174	0.049876	0.048594	0.085335	0.048032	0.095731	0.057525	0.044610	0.062102	0.053226	0.072838	0.076160	0.066745	
0.059603	0.069438	0.115232	0.003165	0.077820	0.103709	0.010532	0.022260	0.005041	0.020212	0.055928	0.013298	0.098207	-0.101220	0.095506	-0.005191	0.090567	0.069420	-0.082691	0.999226	0.067904	0.092539	0.100614	0.101273	0.062985	0.085170	0.006497	0.005346	0.099180	0.071103	0.077437	0.093402	-0.092399	0.083857	0.088643	0.073942	0.017954	0.101912	0.093967	0.024873	-0.083313	0.069921	-0.013995	0.032719	-0.036634	-0.024566	-0.092662	-0.085177	-0.083834	-0.086400	-0.082772	-0.082876	-0.076364	-0.090377	-0.088791	-0.088512	-0.092904	-0.076291	-0.086496	-0.073235	-0.091487	-0.078404	-0.085667	-0.081131	-0.091494	-0.098863	-0.096503	-0.084621	-0.084645	-0.087701	-0.081011	-0.083525	-0.087885	-0.085062	-0.088091	-0.085223	-0.076138	-0.090436	-0.085860	-0.084119	-0.079749	-0.087086	
0.065560	0.059599	0.045478	0.024262	0.087279	0.048651	0.022103	0.009088	-0.004540	-0.009881	0.101139	0.032098	0.085077	-0.098755	0.100157	0.009607	0.105806	0.075299	-0.085907	0.067904	1.024906	0.059419	0.077914	0.071712	0.104729	0.071752	0.032124	0.013911	0.062385	0.092902	0.079546	0.089240	-0.087186	0.058195	0.092545	0.059125	0.032938	0.098379	0.061547	0.029005	-0.078215	0.126423	-0.008391	-0.026946	0.027345	-0.009240	-0.090826	-0.084998	-0.083016	-0.090049	-0.082852	-0.086624	-0.080577	-0.076848	-0.092626	-0.082124	-0.093871	-0.074695	-0.073337	-0.078578	-0.089030	-0.080394	-0.080636	-0.071356	-0.098120	-0.088196	-0.086664	-0.088429	-0.084495	-0.078598	-0.097997	-0.088858	-0.092050	-0.085177	-0.089104	-0.083191	-0.082782	-0.074979	-0.077611	-0.099823	-0.074351	-0.083442	
0.088926	0.076240	0.115285	0.013468	0.119990	0.049040	0.007432	0.015840	0.021010	0.032878	0.097031	0.008269	0.049556	-0.088980	0.085219	0.009370	0.072208	0.068411	-0.089056	0.092539	0.059419	0.958796	0.084121	0.051985	0.080799	0.115347	0.006998	-0.004190	0.071915	0.091754	0.104403	0.122217	-0.088749	0.081661	0.068442	0.082063	0.030064	0.072879	0.090468	0.012070	-0.082574	0.102334	-0.006407	-0.013325	-0.028962	0.003603	-0.080019	-0.083817	-0.082353	-0.084594	-0.083527	-0.097671	-0.083954	-0.092332	-0.082547	-0.090631	-0.081448	-0.080471	-0.081676	-0.078168	-0.093244	-0.072519	-0.083185	-0.080459	-0.098218	-0.089312	-0.081010	-0.089858	-0.085530	-0.085851	-0.091653	-0.082863	-0.097933	-0.085792	-0.089331	-0.080967	-0.088851	-0.089323	-0.060165	-0.096783	-0.074996	-0.082073	
0.077755	0.071020	0.060427	0.009036	0.051093	0.099670	0.013431	0.019547	0.035031	0.038575	0.048555	0.014630	0.082231	-0.092336	0.080229	0.008445	0.066546	0.100728	-0.085367	0.100614	0.077914	0.084121	0.965244	0.106812	0.052931	0.077805	0.002924	0.031178	0.081346	0.116653	0.095476	0.102359	-0.099409	0.092881	0.066573	0.077646	0.013142	0.102914	0.094551	0.009463	-0.091455	0.112323	-0.016527	0.013940	-0.027106	-0.026936	-0.088779	-0.090501	-0.081802	-0.093996	-0.087940	-0.089642	-0.083393	-0.078085	-0.082995	-0.083063	-0.081867	-0.082886	-0.080767	-0.079817	-0.086087	-0.091804	-0.076808	-0.080743	-0.100104	-0.079366	-0.090645	-0.084694	-0.082485	-0.085472	-0.087996	-0.083697	-0.097130	-0.086379	-0.088831	-0.074699	-0.084306	-0.083836	-0.082320	-0.092858	-0.081453	-0.084209	
0.099767	0.080036	0.084666	0.011107	0.039802	0.091932	0.010184	0.016921	0.046871	0.039961	0.104815	0.010135	0.066929	-0.089786	0.108520	0.035052	0.084919	0.103966	-0.095920	0.101273	0.071712	0.051985	0.106812	0.953582	0.042821	0.084955	-0.005341	0.023417	0.067057	0.095228	0.089039	0.087034	-0.103050	0.118555	0.073357	0.089555	0.008451	0.068868	0.094548	0.018329	-0.093990	0.113134	-0.008496	0.004520	-0.035175	-0.024467	-0.094687	-0.079978	-0.077701	-0.093892	-0.096339	-0.084689	-0.086443	-0.080726	-0.083710	-0.096640	-0.076793	-0.083345	-0.089614	-0.086415	-0.089166	-0.081480	-0.090242	-0.085952	-0.091733	-0.087267	-0.087594	-0.078176	-0.086977	-0.076793	-0.081975	-0.090930	-0.093195	-0.093680	-0.084386	-0.086104	-0.087913	-0.074713	-0.080617	-0.098198	-0.090579	-0.076458	
0.070726	0.130265	0.077031	0.003619	0.047030	0.103196	0.035735	0.020079	0.022968	0.032630	0.081651	-0.013936	0.061905	-0.096905	0.110110	0.021910	0.066792	0.102433	-0.086864	0.062985	0.104729	0.080799	0.052931	0.042821	0.983043	0.055135	0.002848	0.009828	0.103738	0.090909	0.109604	0.086446	-0.092229	0.115604	0.095440	0.096931	0.011594	0.097211	0.119861	0.021216	-0.089057	0.112826	-0.016708	-0.018002	-0.034328	-0.015192	-0.089130	-0.085761	-0.087413	-0.087772	-0.087506	-0.091270	-0.084734	-0.082784	-0.095496	-0.089316	-0.089945	-0.083693	-0.090696	-0.071540	-0.084636	-0.084492	-0.085679	-0.082035	-0.087474	-0.080992	-0.090606	-0.084854	-0.082950	-0.090067	-0.083626	-0.086344	-0.088561	-0.086948	-0.091261	-0.090137	-0.097141	-0.081636	-0.091478	-0.088474	-0.084950	-0.095277	
0.133916	0.054417	0.080648	-0.000486	0.133542	0.103332	0.014288	0.031401	0.039599	0.025382	0.109060	0.004315	0.096729	-0.091400	0.094301	0.019682	0.108323	0.059917	-0.087696	0.085170	0.071752	0.115347	0.077805	0.084955	0.055135	0.975077	-0.008673	0.015600	0.101686	0.053756	0.082944	0.112464	-0.102698	0.080543	0.100521	0.097814	0.017122	0.080624	0.090869	0.010802	-0.091178	0.109784	0.003359	-0.014369	-0.026637	-0.021917	-0.088181	-0.091780	-0.087021	-0.093913	-0.090571	-0.082881	-0.091283	-0.091310	-0.092029	-0.080818	-0.096084	-0.087163	-0.088837	-0.087604	-0.089677	-0.085438	-0.097952	-0.086523	-0.098449	-0.088648	-0.093247	-0.093514	-0.086129	-0.086670	-0.084640	-0.088588	-0.092491	-0.090682	-0.096121	-0.083159	-0.093965	-0.093996	-0.084405	-0.099936	-0.092402	-0.093722	
-0.005303	0.018163	0.026612	0.116540	0.039086	0.027533	0.142016	0.154863	0.010979	0.025440	0.020320	0.160773	0.007519	-0.086581	-0.000440	0.032802	0.016598	0.006373	-0.080390	0.006497	0.032124	0.006998	0.002924	-0.005341	0.002848	-0.008673	1.336914	0.113724	0.022319	0.037606	-0.001464	0.033353	-0.079391	0.012673	0.025422	-0.008459	0.172032	0.004963	0.010216	0.183980	-0.079420	0.014511	0.006380	-0.004989	0.144295	0.103517	-0.081497	-0.079761	-0.082348	-0.084557	-0.084517	-0.069164	-0.073035	-0.091102	-0.084038	-0.088279	-0.085526	-0.070759	-0.079464	-0.058271	-0.079221	-0.077009	-0.080622	-0.084419	-0.079734	-0.069140	-0.085855	-0.081313	-0.073434	-0.084308	-0.063900	-0.085546	-0.091808	-0.074267	-0.080687	-0.078063	-0.080890	-0.082830	-0.083734	-0.081169	-0.079498	-0.082549	
-0.025175	-0.017686	-0.000668	0.165551	-0.010119	-0.004642	0.144562	0.128666	0.054903	0.052518	-0.005231	0.155295	0.008705	-0.081983	0.026044	0.023475	0.004768	-0.002107	-0.082533	0.005346	0.013911	-0.004190	0.031178	0.023417	0.009828	0.015600	0.113724	1.370257	0.007832	0.009661	0.011333	0.016553	-0.090107	0.023528	0.000808	0.028336	0.158721	-0.016776	0.015453	0.148699	-0.080747	0.031860	0.005781	-0.001488	0.067284	0.134746	-0.078974	-0.077136	-0.081404	-0.074015	-0.081252	-0.072265	-0.076558	-0.076217	-0.078871	-0.075256	-0.083095	-0.069941	-0.069949	-0.067949	-0.067815	-0.079719	-0.078326	-0.079272	-0.061813	-0.064575	-0.091938	-0.077148	-0.073663	-0.085291	-0.076090	-0.079562	-0.074896	-0.087110	-0.082540	-0.063498	-0.073685	-0.078732	-0.079034	-0.069542	-0.081428	-0.087504	
0.086593	0.084325	0.112874	0.003359	0.146837	0.119084	0.046040	0.006789	0.021533	0.046950	0.100921	0.008857	0.115667	-0.100914	0.079813	0.040887	0.127940	0.079576	-0.098170	0.099180	0.062385	0.071915	0.081346	0.067057	0.103738	0.101686	0.022319	0.007832	0.932573	0.113891	0.100753	0.119670	-0.098924	0.097999	0.128778	0.128859	0.002648	0.139446	0.121729	0.003123	-0.098885	0.103934	-0.016527	-0.013189	-0.037680	-0.028678	-0.099476	-0.093305	-0.097866	-0.093097	-0.097372	-0.094313	-0.095338	-0.103049	-0.101730	-0.096542	-0.093002	-0.097788	-0.088676	-0.097138	-0.100665	-0.094312	-0.101817	-0.093216	-0.102729	-0.096325	-0.098239	-0.096777	-0.101401	-0.091673	-0.086319	-0.094365	-0.100915	-0.096045	-0.103924	-0.097795	-0.104656	-0.103522	-0.097733	-0.108886	-0.096726	-0.096579	
0.067698	0.039850	0.097276	-0.001061	0.074926	0.131587	0.008161	0.037894	0.044098	0.043006	0.098527	-0.000981	0.098614	-0.108279	0.077808	0.026882	0.087552	0.083543	-0.103956	0.071103	0.092902	0.091754	0.116653	0.095228	0.090909	0.053756	0.037606	0.009661	0.113891	0.945469	0.144944	0.109442	-0.089152	0.115243	0.110998	0.120889	0.012781	0.147249	0.096759	0.017431	-0.093314	0.130884	-0.008473	-0.012428	-0.030350	-0.034921	-0.101223	-0.093369	-0.098276	-0.105595	-0.096410	-0.093221	-0.094480	-0.099793	-0.096994	-0.093483	-0.096389	-0.095868	-0.090931	-0.097645	-0.095121	-0.094720	-0.096734	-0.091040	-0.095828	-0.100521	-0.101598	-0.088028	-0.093293	-0.090167	-0.090818	-0.085000	-0.092931	-0.093336	-0.098913	-0.092929	-0.097759	-0.098229	-0.091396	-0.103969	-0.083595	-0.090383	
0.101084	0.080510	0.081245	0.041073	0.094514	0.113104	0.034523	0.041248	0.029177	0.017069	0.109895	0.047709	0.066622	-0.104190	0.102118	0.045299	0.094467	0.072269	-0.092743	0.077437	0.079546	0.104403	0.095476	0.089039	0.109604	0.082944	-0.001464	0.011333	0.100753	0.144944	0.969368	0.119758	-0.096143	0.117603	0.077310	0.109102	0.048963	0.104234	0.110962	-0.001307	-0.103449	0.124400	-0.006254	-0.020608	-0.032528	-0.029587	-0.095394	-0.102843	-0.092049	-0.102728	-0.095182	-0.099593	-0.105349	-0.101750	-0.098311	-0.096307	-0.104269	-0.092795	-0.089286	-0.095848	-0.097979	-0.096686	-0.088545	-0.092836	-0.105554	-0.090754	-0.095844	-0.096010	-0.090702	-0.092059	-0.096018	-0.099386	-0.095762	-0.099356	-0.107892	-0.093349	-0.099795	-0.098342	-0.095055	-0.112557	-0.098846	-0.110246	
0.078674	0.045970	0.092210	0.034441	0.110739	0.123944	0.022161	0.077926	0.034709	0.050497	0.097349	0.047322	0.077763	-0.105762	0.065272	0.032114	0.091348	0.060270	-0.099916	0.093402	0.089240	0.122217	0.102359	0.087034	0.086446	0.112464	0.033353	0.016553	0.119670	0.109442	0.119758	1.013649	-0.101162	0.100364	0.100388	0.113950	0.043936	0.105808	0.106669	0.036902	-0.108297	0.080596	-0.021314	-0.012063	-0.021984	-0.000143	-0.105369	-0.101606	-0.105243	-0.108378	-0.104646	-0.102648	-0.100598	-0.103928	-0.099004	-0.099588	-0.102096	-0.093592	-0.093233	-0.094024	-0.096508	-0.101518	-0.099575	-0.098811	-0.106770	-0.091236	-0.105499	-0.104059	-0.104698	-0.100908	-0.100995	-0.099636	-0.101175	-0.102281	-0.102492	-0.096571	-0.103428	-0.106327	-0.096166	-0.110278	-0.096040	-0.101851	
-0.093752	-0.090941	-0.087599	-0.090745	-0.085554	-0.100474	-0.065505	-0.096626	-0.079821	-0.060214	-0.097978	-0.075666	-0.091718	0.077276	-0.093841	-0.077945	-0.089086	-0.104764	0.103094	-0.092399	-0.087186	-0.088749	-0.099409	-0.103050	-0.092229	-0.102698	-0.079391	-0.090107	-0.098924	-0.089152	-0.096143	-0.101162	0.850716	-0.099024	-0.087096	-0.093355	-0.095449	-0.102342	-0.110763	-0.096842	0.099946	-0.102473	-0.043190	-0.042732	-0.057502	-0.067492	0.084486	0.103846	0.071777	0.042528	0.040165	0.065600	0.064172	0.063158	0.064989	0.065612	0.039229	0.068390	0.046322	0.085079	0.075136	0.072577	0.048824	0.080047	0.078500	0.075546	0.033903	0.095227	0.075015	0.089583	0.061040	0.065023	0.075674	0.044999	0.084025	0.079316	0.074969	0.083937	0.085260	0.092070	0.043127	0.103994	
0.090550	0.089570	0.076035	-0.001473	0.065704	0.114881	0.017484	0.033556	0.095346	0.074821	0.063111	0.002624	0.116341	-0.103062	0.096310	0.045989	0.061005	0.126117	-0.100048	0.083857	0.058195	0.081661	0.092881	0.118555	0.115604	0.080543	0.012673	0.023528	0.097999	0.115243	0.117603	0.100364	-0.099024	1.019233	0.086354	0.101242	0.024825	0.103600	0.143447	0.004640	-0.096704	0.088663	-0.001311	-0.015225	-0.039055	-0.028169	-0.106140	-0.099332	-0.105493	-0.104308	-0.099397	-0.097968	-0.100403	-0.107480	-0.095051	-0.096769	-0.098804	-0.093185	-0.092020	-0.078235	-0.097196	-0.102764	-0.092841	-0.097615	-0.100126	-0.098938	-0.099826	-0.100146	-0.097639	-0.095006	-0.089839	-0.102185	-0.106594	-0.092729	-0.099846	-0.101904	-0.097252	-0.102667	-0.090441	-0.098156	-0.097992	-0.091300	
0.082875	0.076692	0.094793	-0.002211	0.088865	0.117672	0.020999	0.009698	0.045543	0.082792	0.107702	0.008602	0.132920	-0.093348	0.075957	0.030631	0.111628	0.099550	-0.105963	0.088643	0.092545	0.068442	0.066573	0.073357	0.095440	0.100521	0.025422	0.000808	0.128778	0.110998	0.077310	0.100388	-0.087096	0.086354	1.057071	0.108434	0.027421	0.127278	0.098502	0.052600	-0.096572	0.082346	0.005745	-0.000045	-0.020971	-0.025633	-0.103385	-0.102416	-0.102831	-0.103379	-0.102179	-0.104938	-0.087655	-0.095210	-0.105766	-0.101752	-0.102914	-0.091721	-0.092907	-0.098223	-0.107023	-0.098775	-0.101759	-0.096202	-0.100042	-0.100761	-0.111404	-0.097650	-0.099629	-0.096159	-0.101395	-0.110229	-0.090065	-0.102394	-0.104630	-0.092901	-0.099869	-0.092954	-0.099060	-0.099720	-0.096222	-0.100061	
0.099606	0.086160	0.119432	0.004662	0.122894	0.112304	0.034737	0.011613	0.034096	0.025818	0.148468	-0.005549	0.103273	-0.100635	0.092997	0.035146	0.078107	0.074235	-0.093574	0.073942	0.059125	0.082063	0.077646	0.089555	0.096931	0.097814	-0.008459	0.028336	0.128859	0.120889	0.109102	0.113950	-0.093355	0.101242	0.108434	0.962850	0.009666	0.149395	0.118121	0.009968	-0.092524	0.116149	-0.007913	-0.019358	-0.039500	-0.034254	-0.103353	-0.102558	-0.098105	-0.099766	-0.101613	-0.094079	-0.100418	-0.102015	-0.099719	-0.093466	-0.100185	-0.094359	-0.093473	-0.087774	-0.097690	-0.091362	-0.097108	-0.093010	-0.103977	-0.102627	-0.101449	-0.097070	-0.093855	-0.085083	-0.096915	-0.090883	-0.099550	-0.093578	-0.101741	-0.094928	-0.095015	-0.096352	-0.100069	-0.109471	-0.092665	-0.094338	
0.027275	0.020852	-0.001234	0.153147	0.016503	0.019006	0.200534	0.184529	0.040860	0.031098	0.013863	0.235846	0.009463	-0.092004	-0.003398	0.025989	0.044001	0.035417	-0.084516	0.017954	0.032938	0.030064	0.013142	0.008451	0.011594	0.017122	0.172032	0.158721	0.002648	0.012781	0.048963	0.043936	-0.095449	0.024825	0.027421	0.009666	1.362841	0.004007	-0.016957	0.183988	-0.090806	-0.015511	0.011127	0.006541	0.102897	0.105485	-0.087617	-0.094366	-0.090917	-0.098760	-0.092153	-0.095460	-0.085777	-0.090462	-0.098683	-0.095264	-0.095428	-0.084622	-0.085483	-0.088961	-0.086371	-0.082834	-0.086328	-0.082150	-0.093845	-0.100716	-0.083360	-0.095463	-0.088739	-0.089053	-0.088345	-0.099510	-0.087539	-0.094624	-0.096467	-0.087662	-0.094126	-0.078180	-0.084563	-0.093625	-0.068897	-0.092065	
0.089895	0.096542	0.103404	0.025831	0.105194	0.120944	0.011304	0.005545	-0.008108	0.005765	0.086945	0.011536	0.142862	-0.105355	0.112501	0.008390	0.098113	0.121113	-0.103533	0.101912	0.098379	0.072879	0.102914	0.068868	0.097211	0.080624	0.004963	-0.016776	0.139446	0.147249	0.104234	0.105808	-0.102342	0.103600	0.127278	0.149395	0.004007	0.976046	0.100326	0.005706	-0.099885	0.126814	-0.004491	-0.017250	-0.033574	-0.037833	-0.094813	-0.095211	-0.106200	-0.104878	-0.096760	-0.101270	-0.093408	-0.100895	-0.106589	-0.104819	-0.091805	-0.105036	-0.093123	-0.090275	-0.105103	-0.099252	-0.099027	-0.090814	-0.099314	-0.103592	-0.106026	-0.088162	-0.101229	-0.090451	-0.096265	-0.102336	-0.097044	-0.090543	-0.105935	-0.093311	-0.092202	-0.093048	-0.096036	-0.099667	-0.075947	-0.095977	
0.103252	0.103413	0.106502	-0.001544	0.080870	0.156085	0.001013	0.013666	0.026413	0.024207	0.076431	-0.010480	0.086253	-0.106670	0.167619	0.040188	0.050632	0.148825	-0.100998	0.093967	0.061547	0.090468	0.094551	0.094548	0.119861	0.090869	0.010216	0.015453	0.121729	0.096759	0.110962	0.106669	-0.110763	0.143447	0.098502	0.118121	-0.016957	0.100326	1.008143	0.012444	-0.094592	0.117418	-0.019967	-0.024873	-0.033695	-0.025457	-0.102584	-0.091877	-0.099587	-0.103922	-0.101931	-0.105299	-0.097415	-0.096169	-0.094716	-0.099400	-0.101082	-0.096224	-0.100479	-0.092340	-0.104533	-0.087931	-0.092807	-0.097462	-0.099181	-0.099997	-0.098443	-0.097266	-0.092316	-0.091754	-0.095617	-0.091798	-0.106570	-0.092877	-0.094151	-0.101693	-0.097815	-0.088427	-0.103598	-0.115226	-0.090039	-0.098919	
-0.012554	0.021323	-0.003180	0.167023	-0.002640	0.023911	0.161931	0.155791	0.035283	0.083122	-0.005832	0.148956	0.011317	-0.095501	0.028834	0.098316	0.029539	0.004091	-0.085942	0.024873	0.029005	0.012070	0.009463	0.018329	0.021216	0.010802	0.183980	0.148699	0.003123	0.017431	-0.001307	0.036902	-0.096842	0.004640	0.052600	0.009968	0.183988	0.005706	0.012444	1.367574	-0.085597	0.001004	0.021142	-0.009289	0.132000	0.122901	-0.092388	-0.096160	-0.080429	-0.084594	-0.082254	-0.082318	-0.081541	-0.094107	-0.089569	-0.100589	-0.094712	-0.092533	-0.078858	-0.078978	-0.092032	-0.095704	-0.096846	-0.078213	-0.081738	-0.098416	-0.091941	-0.089699	-0.082127	-0.081641	-0.079676	-0.086343	-0.090222	-0.085029	-0.094549	-0.093784	-0.082602	-0.091232	-0.082135	-0.096898	-0.082588	-0.090898	
-0.089040	-0.075761	-0.090683	-0.087962	-0.098724	-0.097726	-0.092288	-0.078878	-0.075742	-0.071554	-0.082146	-0.096538	-0.088133	0.097625	-0.088504	-0.075706	-0.093649	-0.085750	0.083828	-0.083313	-0.078215	-0.082574	-0.091455	-0.093990	-0.089057	-0.091178	-0.079420	-0.080747	-0.098885	-0.093314	-0.103449	-0.108297	0.099946	-0.096704	-0.096572	-0.092524	-0.090806	-0.099885	-0.094592	-0.085597	0.803487	-0.092844	-0.035103	-0.031437	-0.055712	-0.060025	0.031905	0.101490	0.073366	0.061410	0.061401	0.095724	0.105930	0.078314	0.080189	0.037139	0.054727	0.049646	0.072160	0.086692	0.049442	0.072115	0.033660	0.042912	0.063905	0.058575	0.093899	0.092923	0.064546	0.074838	0.061009	0.060463	0.062930	0.060071	0.076103	0.083271	0.061256	0.065301	0.085788	0.088208	0.058964	0.081895	
0.091324	0.070089	0.110309	0.019700	0.108156	0.062604	0.006006	0.002531	0.048947	0.015053	0.107199	-0.013702	0.103949	-0.102731	0.109408	0.040356	0.110044	0.083498	-0.099761	0.069921	0.126423	0.102334	0.112323	0.113134	0.112826	0.109784	0.014511	0.031860	0.103934	0.130884	0.124400	0.080596	-0.102473	0.088663	0.082346	0.116149	-0.015511	0.126814	0.117418	0.001004	-0.092844	1.015397	-0.015507	-0.015824	-0.031884	-0.033006	-0.093297	-0.101722	-0.093416	-0.085139	-0.101309	-0.098027	-0.095578	-0.097541	-0.094287	-0.102289	-0.106155	-0.091254	-0.091946	-0.093510	-0.104350	-0.095287	-0.099001	-0.099298	-0.101119	-0.095089	-0.090152	-0.103728	-0.085590	-0.101206	-0.105686	-0.099091	-0.104041	-0.091698	-0.100918	-0.097164	-0.095914	-0.098569	-0.097399	-0.099628	-0.097761	-0.106794	
-0.010423	-0.011044	-0.022949	0.013065	-0.030617	-0.010203	0.000189	0.012865	0.020940	0.008050	-0.012975	-0.010009	-0.020127	-0.033688	-0.025997	0.012046	-0.000439	0.051822	-0.051916	-0.013995	-0.008391	-0.006407	-0.016527	-0.008496	-0.016708	0.003359	0.006380	0.005781	-0.016527	-0.008473	-0.006254	-0.021314	-0.043190	-0.001311	0.005745	-0.007913	0.011127	-0.004491	-0.019967	0.021142	-0.035103	-0.015507	1.446336	0.050339	0.072646	0.071602	-0.033208	-0.046812	-0.043883	-0.037046	-0.038110	-0.035498	-0.041143	-0.039443	-0.051061	-0.038492	-0.052205	-0.035649	-0.030476	-0.030906	-0.042033	-0.042047	-0.036798	-0.040899	-0.042443	-0.051241	-0.055880	-0.042171	-0.039796	-0.041039	-0.030607	-0.028172	-0.041889	-0.039347	-0.039884	-0.046147	-0.039156	-0.034961	-0.043976	-0.045710	-0.052337	-0.038950	
-0.021347	-0.025213	-0.020245	-0.007742	-0.012181	-0.015081	-0.009295	0.003550	0.009212	0.005583	-0.009226	-0.016220	-0.023139	-0.046788	-0.013655	0.005041	-0.005597	-0.020932	-0.042680	0.032719	-0.026946	-0.013325	0.013940	0.004520	-0.018002	-0.014369	-0.004989	-0.001488	-0.013189	-0.012428	-0.020608	-0.012063	-0.042732	-0.015225	-0.000045	-0.019358	0.006541	-0.017250	-0.024873	-0.009289	-0.031437	-0.015824	0.050339	1.558040	0.078407	0.084329	-0.032435	-0.031805	-0.028569	-0.037069	-0.039371	-0.030505	-0.046821	-0.034332	-0.042062	-0.053173	-0.041201	-0.039227	-0.037960	-0.033824	-0.042998	-0.040792	-0.042993	-0.040429	-0.033168	-0.032999	-0.035947	-0.038677	-0.049601	-0.038922	-0.035177	-0.041911	-0.037369	-0.044842	-0.034752	-0.045043	-0.030738	-0.045747	-0.045428	-0.046698	-0.038637	-0.033999	
-0.038162	-0.037817	-0.050984	0.110995	-0.035550	-0.034624	0.092814	0.116778	0.007259	0.008096	-0.039797	0.127444	-0.033259	-0.070533	-0.035953	-0.013106	-0.033510	-0.023001	-0.063532	-0.036634	0.027345	-0.028962	-0.027106	-0.035175	-0.034328	-0.026637	0.144295	0.067284	-0.037680	-0.030350	-0.032528	-0.021984	-0.057502	-0.039055	-0.020971	-0.039500	0.102897	-0.033574	-0.033695	0.132000	-0.055712	-0.031884	0.072646	0.078407	1.821876	0.354400	-0.062741	-0.056663	-0.062741	-0.063301	-0.066876	-0.062743	-0.063486	-0.064357	-0.070076	-0.071840	-0.070064	-0.074126	-0.073493	-0.068544	-0.059479	-0.061635	-0.059446	-0.067173	-0.055140	-0.073086	-0.075588	-0.065244	-0.059988	-0.056869	-0.047603	-0.072359	-0.066816	-0.061483	-0.069111	-0.064866	-0.065120	-0.050976	-0.058071	-0.054824	-0.073598	-0.060715	
-0.035965	-0.039725	-0.026939	0.100061	-0.035063	-0.028451	0.073186	0.129601	-0.010902	-0.004451	-0.038564	0.073198	-0.031946	-0.072297	-0.031891	-0.006535	-0.038514	-0.030410	-0.059878	-0.024566	-0.009240	0.003603	-0.026936	-0.024467	-0.015192	-0.021917	0.103517	0.134746	-0.028678	-0.034921	-0.029587	-0.000143	-0.067492	-0.028169	-0.025633	-0.034254	0.105485	-0.037833	-0.025457	0.122901	-0.060025	-0.033006	0.071602	0.084329	0.354400	1.802548	-0.070306	-0.055094	-0.058029	-0.061991	-0.063564	-0.058509	-0.061398	-0.064447	-0.060849	-0.070826	-0.069522	-0.070894	-0.066915	-0.054553	-0.057834	-0.056785	-0.068624	-0.060999	-0.060629	-0.066527	-0.068443	-0.066767	-0.076185	-0.063808	-0.050680	-0.069772	-0.078380	-0.058810	-0.081410	-0.068068	-0.070628	-0.058182	-0.059229	-0.060260	-0.066483	-0.063491	
-0.077146	-0.075053	-0.082467	-0.081125	-0.091642	-0.099938	-0.079380	-0.084964	-0.072793	-0.090348	-0.089444	-0.070966	-0.089363	0.104613	-0.092807	-0.080734	-0.092308	-0.087004	0.103230	-0.092662	-0.090826	-0.080019	-0.088779	-0.094687	-0.089130	-0.088181	-0.081497	-0.078974	-0.099476	-0.101223	-0.095394	-0.105369	0.084486	-0.106140	-0.103385	-0.103353	-0.087617	-0.094813	-0.102584	-0.092388	0.031905	-0.093297	-0.033208	-0.032435	-0.062741	-0.070306	0.822478	0.045554	0.069100	0.137331	0.068041	0.048069	0.048092	0.018427	0.053021	0.096571	0.068586	0.092785	0.020993	0.110250	0.114269	0.070482	0.078920	0.046746	0.077458	0.120309	0.054441	0.046623	0.056019	0.102872	0.056012	0.091196	0.080244	0.034721	0.081575	0.062810	0.093533	0.064058	0.068251	0.049224	0.079261	0.048061	
-0.085726	-0.085280	-0.078240	-0.077796	-0.094655	-0.093090	-0.096749	-0.086658	-0.071540	-0.083340	-0.093223	-0.094351	-0.082175	0.059874	-0.088064	-0.077815	-0.100563	-0.096717	0.074057	-0.085177	-0.084998	-0.083817	-0.090501	-0.079978	-0.085761	-0.091780	-0.079761	-0.077136	-0.093305	-0.093369	-0.102843	-0.101606	0.103846	-0.099332	-0.102416	-0.102558	-0.094366	-0.095211	-0.091877	-0.096160	0.101490	-0.101722	-0.046812	-0.031805	-0.056663	-0.055094	0.045554	0.850801	0.070485	0.047555	0.080606	0.041772	0.085530	0.055997	0.093970	0.059594	0.080382	0.074269	0.036268	0.074768	0.052971	0.076777	0.028823	0.076288	0.063389	0.062833	0.059342	0.098174	0.069455	0.069428	0.103021	0.107871	0.043188	0.076911	0.084725	0.024218	0.065092	0.080807	0.061112	0.102682	0.066329	0.090502	
-0.085016	-0.087697	-0.090729	-0.081690	-0.089897	-0.094410	-0.092717	-0.080536	-0.089132	-0.086682	-0.086666	-0.086252	-0.080124	0.077714	-0.081261	-0.077234	-0.094276	-0.091529	0.064531	-0.083834	-0.083016	-0.082353	-0.081802	-0.077701	-0.087413	-0.087021	-0.082348	-0.081404	-0.097866	-0.098276	-0.092049	-0.105243	0.071777	-0.105493	-0.102831	-0.098105	-0.090917	-0.106200	-0.099587	-0.080429	0.073366	-0.093416	-0.043883	-0.028569	-0.062741	-0.058029	0.069100	0.070485	0.828624	0.053636	0.087406	0.077179	0.051300	0.061577	0.096390	0.073240	0.094494	0.060241	0.062622	0.013091	0.068160	0.087000	0.083560	0.092431	0.047850	0.059004	0.101870	0.055031	0.054497	0.058591	0.066892	0.108079	0.074435	0.064543	0.066285	0.067793	0.051804	0.053644	0.107405	0.060629	0.065689	0.083991	
-0.089734	-0.072522	-0.094779	-0.078924	-0.090035	-0.099741	-0.084221	-0.082464	-0.074694	-0.085753	-0.087330	-0.086677	-0.093720	0.102735	-0.095714	-0.074187	-0.095153	-0.081285	0.079565	-0.086400	-0.090049	-0.084594	-0.093996	-0.093892	-0.087772	-0.093913	-0.084557	-0.074015	-0.093097	-0.105595	-0.102728	-0.108378	0.042528	-0.104308	-0.103379	-0.099766	-0.098760	-0.104878	-0.103922	-0.084594	0.061410	-0.085139	-0.037046	-0.037069	-0.063301	-0.061991	0.137331	0.047555	0.053636	0.860737	0.088405	0.116348	0.062204	0.055911	0.086626	0.115079	0.052441	0.051330	0.065736	0.081788	0.096593	0.053994	0.080862	0.049908	0.061672	0.084204	0.107358	0.029557	0.053302	0.061517	0.075541	0.052683	0.100430	0.070176	0.032039	0.092039	0.058191	0.055296	0.050525	0.042434	0.104391	0.048776	
