1.041377	0.697852	0.738623	0.674663	0.749108	0.677572	0.778717	0.751533	0.732610	0.757546	0.775529	0.715081	0.773021	-0.753643	0.775934	0.813558	0.793517	0.744058	-0.726225	0.678698	0.662905	0.674375	0.738074	0.732187	0.741982	0.770291	0.741194	0.761910	0.831360	0.815333	-0.697478	0.795782	0.813418	0.772499	0.881382	0.818043	0.781250	0.777088	-0.702091	0.764946	-0.736118	-0.720252	-0.714137	-0.727985	-0.680399	-0.717184	-0.733732	-0.716957	-0.744983	-0.726456	-0.718714	-0.667321	-0.613355	-0.607008	-0.591417	-0.757296	-0.643516	-0.688975	-0.670780	-0.709509	-0.679175	-0.672600	-0.731244	-0.704764	-0.732491	-0.670463	-0.667638	-0.713123	-0.668249	-0.749295	-0.673709	-0.617603	-0.708295	-0.744226	-0.696632	-0.750067	
0.697852	1.135502	0.735384	0.743604	0.729135	0.695722	0.729915	0.701731	0.809874	0.895446	0.790762	0.775503	0.685459	-0.733640	0.732118	0.777938	0.810095	0.708143	-0.705053	0.755151	0.626195	0.669782	0.734523	0.870617	0.756956	0.720803	0.705638	0.781891	0.750723	0.789477	-0.702016	0.793170	0.761577	0.737549	0.769227	0.865847	0.751999	0.750726	-0.732770	0.738091	-0.715117	-0.746023	-0.738373	-0.707778	-0.677572	-0.668611	-0.745567	-0.718863	-0.724835	-0.706223	-0.744749	-0.609554	-0.613503	-0.678723	-0.615173	-0.736898	-0.656577	-0.713895	-0.613282	-0.639740	-0.736573	-0.720190	-0.728871	-0.669790	-0.692328	-0.729024	-0.686691	-0.692440	-0.693575	-0.698500	-0.698187	-0.647929	-0.742734	-0.742748	-0.685669	-0.700728	
0.738623	0.735384	0.987219	0.727306	0.764307	0.759934	0.794128	0.790326	0.806779	0.801836	0.766078	0.757406	0.799616	-0.773963	0.745965	0.810366	0.839462	0.740429	-0.735049	0.828040	0.677081	0.734351	0.799453	0.769666	0.830293	0.791643	0.760511	0.836985	0.808740	0.848366	-0.690030	0.851360	0.871996	0.815340	0.828561	0.827166	0.833303	0.805734	-0.750255	0.817200	-0.745113	-0.774853	-0.755559	-0.736448	-0.744866	-0.758424	-0.774558	-0.736886	-0.753826	-0.734894	-0.773903	-0.675720	-0.642399	-0.727804	-0.644164	-0.718448	-0.676106	-0.720361	-0.745185	-0.737408	-0.718535	-0.719776	-0.795409	-0.735956	-0.783335	-0.738907	-0.680616	-0.721431	-0.744930	-0.730607	-0.698008	-0.736504	-0.750007	-0.748960	-0.662538	-0.694585	
0.674663	0.743604	0.727306	1.233591	0.690686	0.663128	0.697449	0.651873	0.786558	0.731747	0.808992	0.748679	0.796181	-0.760237	0.681548	0.809938	0.825472	0.730241	-0.564544	0.726524	0.590401	0.637468	0.728890	0.729178	0.687010	0.688026	0.753884	0.787444	0.756498	0.773307	-0.744316	0.772377	0.779987	0.814430	0.718999	0.802021	0.797073	0.700887	-0.679771	0.836019	-0.754077	-0.733108	-0.720432	-0.701166	-0.709997	-0.663491	-0.740105	-0.745701	-0.751481	-0.732679	-0.764708	-0.576676	-0.609816	-0.610251	-0.635741	-0.733472	-0.697376	-0.718178	-0.637729	-0.690510	-0.656845	-0.717632	-0.753923	-0.755937	-0.640080	-0.681713	-0.678667	-0.616241	-0.743184	-0.722930	-0.684858	-0.678546	-0.570982	-0.671991	-0.583730	-0.646015	
0.749108	0.729135	0.764307	0.690686	1.073630	0.746877	0.803569	0.776658	0.802885	0.877738	0.746468	0.754353	0.732485	-0.772795	0.801197	0.783880	0.824444	0.691425	-0.746030	0.704669	0.710220	0.721882	0.859586	0.756689	0.780369	0.795416	0.734748	0.809678	0.824843	0.841022	-0.692843	0.844081	0.822463	0.788537	0.807296	0.843167	0.892947	0.779715	-0.761039	0.813244	-0.755923	-0.761820	-0.766072	-0.746929	-0.732044	-0.762749	-0.784526	-0.736322	-0.764135	-0.745400	-0.760741	-0.664249	-0.632507	-0.715659	-0.581450	-0.776879	-0.664101	-0.708340	-0.617196	-0.663695	-0.752612	-0.736162	-0.805087	-0.746560	-0.783358	-0.745550	-0.636426	-0.754257	-0.710509	-0.663884	-0.692756	-0.725060	-0.785108	-0.750354	-0.693491	-0.598141	
0.677572	0.695722	0.759934	0.663128	0.746877	0.940036	0.754154	0.704476	0.753374	0.755381	0.740760	0.717548	0.750044	-0.711319	0.729977	0.769322	0.791387	0.688219	-0.703666	0.690485	0.651086	0.717505	0.758952	0.752336	0.744453	0.745459	0.708151	0.794611	0.774886	0.813529	-0.642000	0.816893	0.789406	0.783898	0.794825	0.793210	0.756418	0.776492	-0.697104	0.762732	-0.692351	-0.723622	-0.703214	-0.686121	-0.692992	-0.716761	-0.723050	-0.674163	-0.702659	-0.706373	-0.722121	-0.692292	-0.615294	-0.653500	-0.594805	-0.714021	-0.668901	-0.646181	-0.629331	-0.684778	-0.714204	-0.675969	-0.743271	-0.685084	-0.717906	-0.706280	-0.671045	-0.670799	-0.671674	-0.703472	-0.654558	-0.663584	-0.744935	-0.707223	-0.630633	-0.695110	
0.778717	0.729915	0.794128	0.697449	0.803569	0.754154	1.050046	0.828957	0.895306	0.834129	0.821607	0.792823	0.762141	-0.746743	0.873458	0.836469	0.892876	0.744306	-0.785431	0.734823	0.806708	0.751376	0.815498	0.786023	0.819406	0.847716	0.830383	0.839335	0.921529	0.894497	-0.738767	0.918946	0.978171	0.824067	0.847211	0.895467	0.858674	0.832892	-0.800664	0.888110	-0.795323	-0.777193	-0.805029	-0.784616	-0.736397	-0.762439	-0.822628	-0.774847	-0.802237	-0.783087	-0.776284	-0.702351	-0.714717	-0.754184	-0.670684	-0.815836	-0.680269	-0.746865	-0.705429	-0.791458	-0.768070	-0.729541	-0.814528	-0.762018	-0.791697	-0.695761	-0.725208	-0.728236	-0.681259	-0.809423	-0.730650	-0.763162	-0.801277	-0.802228	-0.732448	-0.808280	
0.751533	0.701731	0.790326	0.651873	0.776658	0.704476	0.828957	1.004517	0.760271	0.850260	0.772324	0.720258	0.735639	-0.698142	0.847666	0.786878	0.798785	0.716662	-0.739406	0.729767	0.735419	0.707486	0.769922	0.736695	0.792904	0.798525	0.737156	0.790051	0.828279	0.847898	-0.685122	0.824619	0.819805	0.768785	0.820422	0.846807	0.832608	0.806093	-0.751537	0.793436	-0.746417	-0.752139	-0.756789	-0.737742	-0.745043	-0.692866	-0.710003	-0.660421	-0.755037	-0.736196	-0.728531	-0.676513	-0.626101	-0.729175	-0.599765	-0.767719	-0.629456	-0.744498	-0.679909	-0.731535	-0.720491	-0.681799	-0.773372	-0.714372	-0.742749	-0.712619	-0.676884	-0.722823	-0.677554	-0.785873	-0.682920	-0.715528	-0.751871	-0.731192	-0.686941	-0.737735	
0.732610	0.809874	0.806779	0.786558	0.802885	0.753374	0.895306	0.760271	1.062516	0.854939	0.813594	0.774420	0.856489	-0.731885	0.849721	0.873414	0.904956	0.827528	-0.764224	0.733912	0.671153	0.750576	0.815048	0.785417	0.800469	0.801480	0.867730	0.944931	0.844218	0.884647	-0.744045	0.882643	0.910848	0.906249	0.841449	0.862644	0.904686	0.822751	-0.785518	0.903442	-0.780234	-0.808296	-0.790165	-0.770128	-0.790201	-0.792802	-0.808189	-0.759980	-0.787685	-0.768590	-0.807727	-0.710443	-0.655330	-0.749515	-0.701370	-0.801033	-0.712430	-0.754973	-0.713027	-0.772617	-0.799294	-0.782747	-0.822859	-0.770013	-0.789670	-0.727282	-0.756368	-0.709024	-0.757477	-0.766081	-0.738853	-0.748394	-0.828006	-0.806275	-0.717174	-0.771030	
0.757546	0.895446	0.801836	0.731747	0.877738	0.755381	0.834129	0.850260	0.854939	1.334313	0.811134	0.762400	0.829842	-0.737394	0.891716	0.859530	0.849492	0.819499	-0.829751	0.741906	0.781192	0.809787	0.890483	0.959671	0.811265	0.826312	0.943610	0.884912	0.913597	0.879183	-0.775347	0.881818	0.847510	0.863360	0.898045	0.880490	0.881609	0.922252	-0.810857	0.935390	-0.839644	-0.842338	-0.848852	-0.794311	-0.814362	-0.779049	-0.800557	-0.752532	-0.845096	-0.825481	-0.842149	-0.745211	-0.610603	-0.764094	-0.640429	-0.807071	-0.716252	-0.790201	-0.697277	-0.822736	-0.749082	-0.794686	-0.886495	-0.827521	-0.811533	-0.828331	-0.791073	-0.813236	-0.792370	-0.824753	-0.689246	-0.772963	-0.869792	-0.799333	-0.797058	-0.754516	
0.775529	0.790762	0.766078	0.808992	0.746468	0.740760	0.821607	0.772324	0.813594	0.811134	1.097037	0.807425	0.742572	-0.811285	0.820144	0.857805	0.830512	0.762735	-0.774362	0.766301	0.729628	0.692790	0.758024	0.761959	0.828950	0.790966	0.833088	0.833588	0.860207	0.836711	-0.753341	0.824149	0.805167	0.861314	0.819898	0.943625	0.848038	0.805408	-0.731967	0.859468	-0.795363	-0.763852	-0.772195	-0.744776	-0.733176	-0.718593	-0.790927	-0.774421	-0.802430	-0.782853	-0.770389	-0.672593	-0.667844	-0.742627	-0.680932	-0.816347	-0.677602	-0.745803	-0.659813	-0.696433	-0.701342	-0.728109	-0.740917	-0.723924	-0.717984	-0.727518	-0.723662	-0.779315	-0.724605	-0.774988	-0.695630	-0.691291	-0.721358	-0.771667	-0.754288	-0.806006	
0.715081	0.775503	0.757406	0.748679	0.754353	0.717548	0.792823	0.720258	0.774420	0.762400	0.807425	0.993563	0.747962	-0.737665	0.734531	0.750009	0.789901	0.705675	-0.713233	0.734210	0.630144	0.692066	0.779849	0.727615	0.741448	0.761928	0.714743	0.781168	0.791848	0.822153	-0.688682	0.815831	0.797478	0.759833	0.780223	0.869796	0.787036	0.795433	-0.735588	0.776368	-0.729976	-0.731415	-0.741143	-0.711759	-0.710141	-0.672705	-0.749593	-0.700178	-0.728860	-0.710205	-0.729976	-0.657892	-0.633657	-0.672829	-0.600483	-0.741016	-0.641000	-0.671721	-0.666756	-0.635058	-0.721883	-0.682968	-0.760712	-0.701453	-0.718844	-0.713998	-0.678039	-0.690202	-0.678719	-0.719704	-0.692925	-0.711539	-0.764892	-0.707622	-0.649792	-0.706312	
0.773021	0.685459	0.799616	0.796181	0.732485	0.750044	0.762141	0.735639	0.856489	0.829842	0.742572	0.747962	1.106711	-0.763400	0.713712	0.825505	0.838809	0.755831	-0.757702	0.726257	0.622386	0.702518	0.813510	0.737814	0.752421	0.753437	0.820439	0.874683	0.796413	0.860161	-0.733423	0.839135	0.839038	0.852949	0.883857	0.814942	0.848018	0.774014	-0.756183	0.855433	-0.746010	-0.775551	-0.767444	-0.737353	-0.745749	-0.759230	-0.775262	-0.726412	-0.754644	-0.735808	-0.774614	-0.676973	-0.664999	-0.619503	-0.645592	-0.725497	-0.688170	-0.698116	-0.679939	-0.761384	-0.725427	-0.720778	-0.796000	-0.736874	-0.761596	-0.717668	-0.681849	-0.722430	-0.723895	-0.758134	-0.721247	-0.625849	-0.768351	-0.749825	-0.673124	-0.695752	
-0.753643	-0.733640	-0.773963	-0.760237	-0.772795	-0.711319	-0.746743	-0.698142	-0.731885	-0.737394	-0.811285	-0.737665	-0.763400	0.955028	-0.661259	-0.830484	-0.820339	-0.796311	0.698769	-0.757852	-0.655319	-0.715927	-0.775929	-0.765935	-0.791747	-0.792542	-0.751317	-0.831092	-0.790294	-0.815794	0.695693	-0.850420	-0.803593	-0.805724	-0.821135	-0.846131	-0.856150	-0.745881	0.705260	-0.874936	0.731797	0.708747	0.733373	0.699829	0.672760	0.777911	0.825148	0.771742	0.737537	0.729051	0.744825	0.607040	0.614827	0.651623	0.604585	0.724888	0.686316	0.729088	0.653891	0.664407	0.714109	0.700833	0.744329	0.694679	0.706276	0.719471	0.648369	0.728797	0.657034	0.719088	0.653922	0.677688	0.677320	0.736488	0.651267	0.691161	
0.775934	0.732118	0.745965	0.681548	0.801197	0.729977	0.873458	0.847666	0.849721	0.891716	0.820144	0.734531	0.713712	-0.661259	1.081634	0.789020	0.800995	0.700204	-0.768634	0.681470	0.725681	0.709164	0.791094	0.800400	0.771937	0.823852	0.794718	0.792199	0.830641	0.847230	-0.727562	0.826987	0.887727	0.776939	0.803192	0.849272	0.811863	0.789040	-0.746365	0.829620	-0.776024	-0.758342	-0.786117	-0.732751	-0.751395	-0.721664	-0.738415	-0.688873	-0.783700	-0.775990	-0.757206	-0.706256	-0.649866	-0.700631	-0.627561	-0.797109	-0.662671	-0.750033	-0.685493	-0.748954	-0.715348	-0.732509	-0.796095	-0.742807	-0.737557	-0.674975	-0.705269	-0.686077	-0.706103	-0.769191	-0.677597	-0.710358	-0.781857	-0.725993	-0.735405	-0.766788	
0.813558	0.777938	0.810366	0.809938	0.783880	0.769322	0.836469	0.786878	0.873414	0.859530	0.857805	0.750009	0.825505	-0.830484	0.789020	1.062637	0.886779	0.871066	-0.798298	0.726959	0.703629	0.756464	0.795789	0.802178	0.799763	0.828547	0.881362	0.903992	0.903935	0.896171	-0.789276	0.863860	0.856878	0.953484	0.841196	0.890395	0.963393	0.826667	-0.787390	0.908684	-0.815321	-0.756595	-0.792057	-0.803552	-0.751453	-0.794714	-0.810241	-0.794046	-0.821680	-0.801998	-0.788637	-0.680383	-0.687845	-0.795693	-0.658816	-0.835957	-0.712253	-0.765589	-0.683755	-0.781293	-0.754768	-0.747664	-0.801377	-0.780787	-0.805681	-0.747635	-0.739144	-0.745221	-0.744511	-0.794390	-0.748791	-0.781950	-0.746341	-0.758577	-0.751139	-0.765001	
0.793517	0.810095	0.839462	0.825472	0.824444	0.791387	0.892876	0.798785	0.904956	0.849492	0.830512	0.789901	0.838809	-0.820339	0.800995	0.886779	1.025261	0.845295	-0.788628	0.772784	0.753802	0.788769	0.854175	0.846908	0.839432	0.840455	0.884567	0.940428	0.922268	0.918780	-0.788107	0.956355	0.926359	0.895205	0.875089	0.895769	0.891925	0.855987	-0.810313	0.956190	-0.804824	-0.832241	-0.814587	-0.793519	-0.751810	-0.771216	-0.832267	-0.783786	-0.811534	-0.791965	-0.831936	-0.733429	-0.677700	-0.762772	-0.701873	-0.825580	-0.736514	-0.778722	-0.735788	-0.790821	-0.823272	-0.783795	-0.853442	-0.793664	-0.808419	-0.817705	-0.769390	-0.770033	-0.735614	-0.779611	-0.762027	-0.782261	-0.853443	-0.807988	-0.751458	-0.788906	
0.744058	0.708143	0.740429	0.730241	0.691425	0.688219	0.744306	0.716662	0.827528	0.819499	0.762735	0.705675	0.755831	-0.796311	0.700204	0.871066	0.845295	1.286274	-0.784652	0.723093	0.626042	0.758806	0.725949	0.743069	0.727000	0.735304	0.864777	0.897642	0.811115	0.810915	-0.763325	0.912306	0.812670	0.851902	0.865109	0.837120	0.860971	0.949724	-0.751565	0.975328	-0.663265	-0.733017	-0.756877	-0.763394	-0.746115	-0.753358	-0.775953	-0.759277	-0.787457	-0.740482	-0.779002	-0.680496	-0.600282	-0.698072	-0.644969	-0.706700	-0.713585	-0.777710	-0.681975	-0.711046	-0.743756	-0.736673	-0.763202	-0.746334	-0.785708	-0.621067	-0.732324	-0.764368	-0.733316	-0.762256	-0.685513	-0.747503	-0.728035	-0.790183	-0.600462	-0.757242	
-0.726225	-0.705053	-0.735049	-0.564544	-0.746030	-0.703666	-0.785431	-0.739406	-0.764224	-0.829751	-0.774362	-0.713233	-0.757702	0.698769	-0.768634	-0.798298	-0.788628	-0.784652	0.923336	-0.707754	-0.723106	-0.716362	-0.751817	-0.738936	-0.758899	-0.766150	-0.809726	-0.794695	-0.850718	-0.814188	0.703282	-0.819574	-0.833425	-0.779368	-0.797514	-0.854684	-0.818939	-0.808052	0.715345	-0.797433	0.720156	0.698854	0.716333	0.739947	0.653693	0.682204	0.710653	0.696398	0.755641	0.723335	0.698083	0.699297	0.654534	0.725308	0.584329	0.698913	0.620659	0.665301	0.617022	0.685696	0.642999	0.683164	0.715176	0.728652	0.793151	0.681260	0.653479	0.775891	0.672673	0.732713	0.634645	0.684355	0.747611	0.708769	0.669499	0.681014	
0.678698	0.755151	0.828040	0.726524	0.704669	0.690485	0.734823	0.729767	0.733912	0.741906	0.766301	0.734210	0.726257	-0.757852	0.681470	0.726959	0.772784	0.723093	-0.707754	1.078959	0.705998	0.723348	0.739538	0.752198	0.791250	0.725663	0.687534	0.803893	0.755921	0.787996	-0.709015	0.798912	0.844867	0.749332	0.774979	0.912190	0.767124	0.732437	-0.733201	0.783503	-0.739195	-0.706174	-0.738863	-0.713848	-0.712903	-0.674406	-0.758453	-0.720166	-0.737486	-0.679126	-0.752267	-0.590790	-0.602140	-0.647020	-0.617784	-0.666671	-0.672007	-0.703453	-0.707582	-0.607974	-0.707774	-0.703146	-0.731497	-0.703819	-0.727853	-0.722018	-0.686084	-0.691606	-0.728302	-0.707605	-0.681133	-0.659712	-0.650881	-0.725229	-0.644765	-0.686316	
0.662905	0.626195	0.677081	0.590401	0.710220	0.651086	0.806708	0.735419	0.671153	0.781192	0.729628	0.630144	0.622386	-0.655319	0.725681	0.703629	0.753802	0.626042	-0.723106	0.705998	1.072248	0.637888	0.699339	0.716813	0.739728	0.731914	0.809046	0.700438	0.889903	0.785790	-0.657718	0.779383	0.774821	0.679667	0.705246	0.826156	0.742995	0.776988	-0.691291	0.788397	-0.733112	-0.673820	-0.731755	-0.680475	-0.614301	-0.656562	-0.719185	-0.702057	-0.730560	-0.711988	-0.683427	-0.583074	-0.567703	-0.659107	-0.543295	-0.709965	-0.575265	-0.664670	-0.619138	-0.717185	-0.610584	-0.679695	-0.711583	-0.652926	-0.654868	-0.687586	-0.674757	-0.698346	-0.607418	-0.734496	-0.625337	-0.642920	-0.666243	-0.639253	-0.658350	-0.735457	
0.674375	0.669782	0.734351	0.637468	0.721882	0.717505	0.751376	0.707486	0.750576	0.809787	0.692790	0.692066	0.702518	-0.715927	0.709164	0.756464	0.788769	0.758806	-0.716362	0.723348	0.637888	0.983290	0.756170	0.772173	0.786426	0.742601	0.756272	0.802627	0.772191	0.810991	-0.634405	0.814403	0.786777	0.759044	0.866924	0.790617	0.753621	0.802097	-0.708154	0.766299	-0.703311	-0.734332	-0.714111	-0.696568	-0.703771	-0.710980	-0.727723	-0.678615	-0.713313	-0.695031	-0.732941	-0.636071	-0.551355	-0.663998	-0.604863	-0.672094	-0.681462	-0.656638	-0.639468	-0.718567	-0.724921	-0.686417	-0.754209	-0.695640	-0.741728	-0.717194	-0.681582	-0.681276	-0.682274	-0.693047	-0.613457	-0.674022	-0.756325	-0.707587	-0.641120	-0.695404	
0.738074	0.734523	0.799453	0.728890	0.859586	0.758952	0.815498	0.769922	0.815048	0.890483	0.758024	0.779849	0.813510	-0.775929	0.791094	0.795789	0.854175	0.725949	-0.751817	0.739538	0.699339	0.756170	1.010094	0.836461	0.829161	0.830390	0.791529	0.845132	0.837141	0.880446	-0.710469	0.880320	0.852171	0.845766	0.834195	0.855669	0.818467	0.815432	-0.764164	0.825550	-0.769729	-0.788011	-0.769201	-0.749745	-0.758490	-0.765823	-0.787791	-0.739082	-0.767173	-0.748199	-0.787213	-0.689502	-0.638103	-0.718186	-0.583557	-0.790766	-0.690526	-0.710786	-0.640625	-0.774101	-0.778846	-0.739832	-0.808599	-0.749403	-0.774557	-0.772301	-0.735566	-0.734959	-0.736565	-0.745923	-0.718184	-0.727664	-0.812941	-0.762639	-0.699213	-0.674248	
0.732187	0.870617	0.769666	0.729178	0.756689	0.752336	0.786023	0.736695	0.785417	0.959671	0.761959	0.727615	0.737814	-0.765935	0.800400	0.802178	0.846908	0.743069	-0.738936	0.752198	0.716813	0.772173	0.836461	1.090304	0.799212	0.800427	0.795014	0.815008	0.807104	0.846471	-0.723173	0.849470	0.821802	0.793838	0.826777	0.825429	0.788636	0.785134	-0.719523	0.828734	-0.748829	-0.777939	-0.759057	-0.707444	-0.748523	-0.761854	-0.777666	-0.729386	-0.757275	-0.760369	-0.777038	-0.680457	-0.625647	-0.697534	-0.649421	-0.769864	-0.704577	-0.701404	-0.705108	-0.741255	-0.735761	-0.730287	-0.798189	-0.739700	-0.730052	-0.762123	-0.725962	-0.725415	-0.726897	-0.739148	-0.675998	-0.685141	-0.802062	-0.718768	-0.686476	-0.762565	
0.741982	0.756956	0.830293	0.687010	0.780369	0.744453	0.819406	0.792904	0.800469	0.811265	0.828950	0.741448	0.752421	-0.791747	0.771937	0.799763	0.839432	0.727000	-0.758899	0.791250	0.739728	0.786426	0.829161	0.799212	1.019128	0.811339	0.786410	0.853086	0.841093	0.878701	-0.716567	0.865495	0.853216	0.808983	0.840843	0.896590	0.822419	0.833562	-0.780621	0.819955	-0.775334	-0.726960	-0.785378	-0.707437	-0.727699	-0.728468	-0.803608	-0.755077	-0.782991	-0.763843	-0.784403	-0.600628	-0.649900	-0.757443	-0.649112	-0.796308	-0.687602	-0.726781	-0.684113	-0.744923	-0.776052	-0.737053	-0.771542	-0.718766	-0.747087	-0.780078	-0.732756	-0.692181	-0.744255	-0.759345	-0.724838	-0.706513	-0.771328	-0.762480	-0.711972	-0.706573	
0.770291	0.720803	0.791643	0.688026	0.795416	0.745459	0.847716	0.798525	0.801480	0.826312	0.790966	0.761928	0.753437	-0.792542	0.823852	0.828547	0.840455	0.735304	-0.766150	0.725663	0.731914	0.742601	0.830390	0.800427	0.811339	1.058225	0.778139	0.831489	0.869717	0.887100	-0.715625	0.866523	0.861474	0.809994	0.839276	0.888245	0.851043	0.853558	-0.781448	0.835340	-0.776157	-0.758567	-0.786190	-0.776718	-0.754439	-0.811480	-0.806552	-0.758593	-0.783786	-0.764629	-0.757440	-0.682790	-0.650695	-0.756846	-0.673159	-0.690928	-0.659542	-0.727585	-0.686117	-0.749242	-0.641972	-0.732503	-0.802281	-0.743120	-0.772489	-0.742021	-0.705793	-0.751571	-0.706625	-0.760529	-0.711509	-0.744276	-0.669701	-0.760594	-0.712785	-0.766970	
0.741194	0.705638	0.760511	0.753884	0.734748	0.708151	0.830383	0.737156	0.867730	0.943610	0.833088	0.714743	0.820439	-0.751317	0.794718	0.881362	0.884567	0.864777	-0.809726	0.687534	0.809046	0.756272	0.791529	0.795014	0.786410	0.778139	1.173256	0.875408	0.979744	0.915279	-0.762886	0.885143	0.866898	0.885377	0.856386	0.870608	0.871680	0.935660	-0.757810	0.947335	-0.819619	-0.792033	-0.796699	-0.775156	-0.740825	-0.721983	-0.782839	-0.798603	-0.825731	-0.806326	-0.791288	-0.717272	-0.591238	-0.744513	-0.663592	-0.754918	-0.675176	-0.738628	-0.728668	-0.802344	-0.698500	-0.798092	-0.812438	-0.785512	-0.791141	-0.776612	-0.772028	-0.793871	-0.728339	-0.810751	-0.692928	-0.753597	-0.783788	-0.746818	-0.779083	-0.809807	
0.761910	0.781891	0.836985	0.787444	0.809678	0.794611	0.839335	0.790051	0.944931	0.884912	0.833588	0.781168	0.874683	-0.831092	0.792199	0.903992	0.940428	0.897642	-0.794695	0.803893	0.700438	0.802627	0.845132	0.815008	0.853086	0.831489	0.875408	1.037799	0.874465	0.915810	-0.763164	0.918063	0.915807	0.930569	0.872367	0.932174	0.926069	0.853388	-0.810158	0.973982	-0.804701	-0.793008	-0.814411	-0.793465	-0.803445	-0.818972	-0.831996	-0.783785	-0.811379	-0.753169	-0.831665	-0.694527	-0.678288	-0.723268	-0.702327	-0.785270	-0.736788	-0.778749	-0.736050	-0.756509	-0.823052	-0.783793	-0.853052	-0.793608	-0.820287	-0.817511	-0.780019	-0.779165	-0.781267	-0.795557	-0.762146	-0.771870	-0.818200	-0.810008	-0.741005	-0.797322	
0.831360	0.750723	0.808740	0.756498	0.824843	0.774886	0.921529	0.828279	0.844218	0.913597	0.860207	0.791848	0.796413	-0.790294	0.830641	0.903935	0.922268	0.811115	-0.850718	0.755921	0.889903	0.772191	0.837141	0.807104	0.841093	0.869717	0.979744	0.874465	1.131230	0.941708	-0.806742	0.933639	0.936524	0.884549	0.862069	0.941640	0.953006	0.932133	-0.833218	0.990228	-0.860725	-0.808049	-0.837078	-0.847026	-0.756624	-0.761290	-0.763180	-0.778899	-0.865535	-0.845480	-0.748158	-0.732547	-0.621453	-0.817653	-0.678270	-0.848008	-0.690671	-0.777900	-0.766968	-0.833810	-0.746992	-0.791686	-0.852316	-0.824869	-0.857057	-0.792908	-0.810486	-0.833321	-0.743909	-0.852232	-0.792807	-0.826026	-0.800547	-0.811481	-0.736065	-0.850105	
0.815333	0.789477	0.848366	0.773307	0.841022	0.813529	0.894497	0.847898	0.884647	0.879183	0.836711	0.822153	0.860161	-0.815794	0.847230	0.896171	0.918780	0.810915	-0.814188	0.787996	0.785790	0.810991	0.880446	0.846471	0.878701	0.887100	0.915279	0.915810	0.941708	1.000030	-0.795592	0.930430	0.924637	0.900154	0.894163	0.960444	0.918794	0.921543	-0.839476	0.896590	-0.833719	-0.791520	-0.843317	-0.814641	-0.831930	-0.805970	-0.827925	-0.811654	-0.839559	-0.819345	-0.798288	-0.714207	-0.706775	-0.790278	-0.662532	-0.821020	-0.740003	-0.749611	-0.732306	-0.816647	-0.828082	-0.787907	-0.847271	-0.797969	-0.839628	-0.822529	-0.784093	-0.793417	-0.785394	-0.815277	-0.789054	-0.799151	-0.823890	-0.786197	-0.794001	-0.809898	
-0.697478	-0.702016	-0.690030	-0.744316	-0.692843	-0.642000	-0.738767	-0.685122	-0.744045	-0.775347	-0.753341	-0.688682	-0.733423	0.695693	-0.727562	-0.789276	-0.788107	-0.763325	0.703282	-0.709015	-0.657718	-0.634405	-0.710469	-0.723173	-0.716567	-0.715625	-0.762886	-0.763164	-0.806742	-0.795592	0.755743	-0.795839	-0.818464	-0.750361	-0.742137	-0.819014	-0.819388	-0.769363	0.712310	-0.809200	0.715251	0.669196	0.709264	0.695359	0.647452	0.656016	0.688316	0.686175	0.717795	0.690700	0.688048	0.597001	0.583623	0.629453	0.571287	0.685477	0.632602	0.654804	0.571508	0.680050	0.642793	0.667347	0.700939	0.692495	0.654424	0.658757	0.677670	0.651933	0.682379	0.701995	0.707092	0.671604	0.637699	0.670953	0.621516	0.638043	
0.795782	0.793170	0.851360	0.772377	0.844081	0.816893	0.918946	0.824619	0.882643	0.881818	0.824149	0.815831	0.839135	-0.850420	0.826987	0.863860	0.956355	0.912306	-0.819574	0.798912	0.779383	0.814403	0.880320	0.849470	0.865495	0.866523	0.885143	0.918063	0.933639	0.930430	-0.795839	1.177643	1.035484	0.895844	0.886987	0.907288	0.886459	0.981234	-0.841566	0.944987	-0.835864	-0.862221	-0.766290	-0.823117	-0.782015	-0.801532	-0.862415	-0.814001	-0.764305	-0.821554	-0.862252	-0.763022	-0.706979	-0.792868	-0.731288	-0.856382	-0.767518	-0.707244	-0.765065	-0.828114	-0.853370	-0.813503	-0.806183	-0.823596	-0.839479	-0.733201	-0.805306	-0.821785	-0.765556	-0.816839	-0.791614	-0.801613	-0.885134	-0.838689	-0.771077	-0.825549	
0.813418	0.761577	0.871996	0.779987	0.822463	0.789406	0.978171	0.819805	0.910848	0.847510	0.805167	0.797478	0.839038	-0.803593	0.887727	0.856878	0.926359	0.812670	-0.833425	0.844867	0.774821	0.786777	0.852171	0.821802	0.853216	0.861474	0.866898	0.915807	0.936524	0.924637	-0.818464	1.035484	1.181045	0.867367	0.875878	0.949425	0.885428	0.870487	-0.860769	0.942553	-0.854988	-0.805477	-0.785593	-0.835286	-0.806968	-0.814170	-0.880750	-0.832816	-0.783188	-0.800948	-0.851610	-0.729539	-0.726183	-0.771958	-0.717515	-0.792812	-0.786704	-0.726663	-0.754316	-0.779475	-0.807614	-0.802482	-0.784949	-0.819124	-0.860795	-0.734969	-0.758131	-0.749420	-0.761362	-0.828432	-0.803610	-0.820287	-0.794972	-0.840945	-0.748295	-0.783201	
0.772499	0.737549	0.815340	0.814430	0.788537	0.783898	0.824067	0.768785	0.906249	0.863360	0.861314	0.759833	0.852949	-0.805724	0.776939	0.953484	0.895205	0.851902	-0.779368	0.749332	0.679667	0.759044	0.845766	0.793838	0.808983	0.809994	0.885377	0.930569	0.884549	0.900154	-0.750361	0.895844	0.867367	1.062445	0.850155	0.871158	0.943349	0.831408	-0.768476	0.912051	-0.806892	-0.784563	-0.773412	-0.785392	-0.762738	-0.798631	-0.791806	-0.775586	-0.803119	-0.783855	-0.838797	-0.708926	-0.670763	-0.754807	-0.688019	-0.827390	-0.728577	-0.747448	-0.689424	-0.792397	-0.782911	-0.797769	-0.800805	-0.785446	-0.811693	-0.770255	-0.771887	-0.725683	-0.773083	-0.780049	-0.754202	-0.763828	-0.775882	-0.759237	-0.732956	-0.746764	
0.881382	0.769227	0.828561	0.718999	0.807296	0.794825	0.847211	0.820422	0.841449	0.898045	0.819898	0.780223	0.883857	-0.821135	0.803192	0.841196	0.875089	0.865109	-0.797514	0.774979	0.705246	0.866924	0.834195	0.826777	0.840843	0.839276	0.856386	0.872367	0.862069	0.894163	-0.742137	0.886987	0.875878	0.850155	1.077293	0.880805	0.864131	0.934303	-0.804624	0.868632	-0.805374	-0.814307	-0.815301	-0.793854	-0.794581	-0.817870	-0.833266	-0.783960	-0.812180	-0.804020	-0.813791	-0.747936	-0.622879	-0.694016	-0.681614	-0.772063	-0.719252	-0.755013	-0.725558	-0.780409	-0.805083	-0.765039	-0.845054	-0.784305	-0.803926	-0.798996	-0.760964	-0.779234	-0.762132	-0.798419	-0.699663	-0.680458	-0.841239	-0.815109	-0.740188	-0.795468	
0.818043	0.865847	0.827166	0.802021	0.843167	0.793210	0.895467	0.846807	0.862644	0.880490	0.943625	0.869796	0.814942	-0.846131	0.849272	0.890395	0.895769	0.837120	-0.854684	0.912190	0.826156	0.790617	0.855669	0.825429	0.896590	0.888245	0.870608	0.932174	0.941640	0.960444	-0.819014	0.907288	0.949425	0.871158	0.880805	1.093616	0.912548	0.898470	-0.870494	0.937156	-0.864690	-0.772897	-0.873718	-0.850817	-0.801102	-0.783377	-0.857993	-0.842425	-0.869368	-0.810521	-0.811329	-0.660230	-0.736277	-0.781909	-0.682104	-0.811857	-0.749105	-0.781777	-0.734197	-0.736223	-0.834822	-0.795498	-0.851167	-0.791734	-0.822779	-0.829549	-0.791854	-0.837154	-0.793170	-0.856244	-0.796619	-0.792890	-0.758348	-0.815401	-0.800313	-0.854004	
0.781250	0.751999	0.833303	0.797073	0.892947	0.756418	0.858674	0.832608	0.904686	0.881609	0.848038	0.787036	0.848018	-0.856150	0.811863	0.963393	0.891925	0.860971	-0.818939	0.767124	0.742995	0.753621	0.818467	0.788636	0.822419	0.851043	0.871680	0.926069	0.953006	0.918794	-0.819388	0.886459	0.885428	0.943349	0.864131	0.912548	1.158853	0.849555	-0.847631	0.990633	-0.841959	-0.782527	-0.851245	-0.829084	-0.816351	-0.853552	-0.809025	-0.760555	-0.847394	-0.827538	-0.755363	-0.706883	-0.655316	-0.799309	-0.685435	-0.862175	-0.726109	-0.815169	-0.709945	-0.731941	-0.812848	-0.773646	-0.859521	-0.806729	-0.832195	-0.807075	-0.695700	-0.771044	-0.770949	-0.744498	-0.774767	-0.807885	-0.801004	-0.785235	-0.717512	-0.716578	
0.777088	0.750726	0.805734	0.700887	0.779715	0.776492	0.832892	0.806093	0.822751	0.922252	0.805408	0.795433	0.774014	-0.745881	0.789040	0.826667	0.855987	0.949724	-0.808052	0.732437	0.776988	0.802097	0.815432	0.785134	0.833562	0.853558	0.935660	0.853388	0.932133	0.921543	-0.769363	0.981234	0.870487	0.831408	0.934303	0.898470	0.849555	1.165269	-0.821608	0.846576	-0.826808	-0.787771	-0.825736	-0.804059	-0.814517	-0.795134	-0.810829	-0.794455	-0.822397	-0.814169	-0.786956	-0.735263	-0.581280	-0.796861	-0.678419	-0.743345	-0.671122	-0.732767	-0.722660	-0.798209	-0.752122	-0.771132	-0.841428	-0.781042	-0.821864	-0.689141	-0.767149	-0.789637	-0.768346	-0.804034	-0.719684	-0.782218	-0.806871	-0.799617	-0.751058	-0.805958	
-0.702091	-0.732770	-0.750255	-0.679771	-0.761039	-0.697104	-0.800664	-0.751537	-0.785518	-0.810857	-0.731967	-0.735588	-0.756183	0.705260	-0.746365	-0.787390	-0.810313	-0.751565	0.715345	-0.733201	-0.691291	-0.708154	-0.764164	-0.719523	-0.780621	-0.781448	-0.757810	-0.810158	-0.833218	-0.839476	0.712310	-0.841566	-0.860769	-0.768476	-0.804624	-0.870494	-0.847631	-0.821608	0.809391	-0.838558	0.733449	0.699176	0.767865	0.750070	0.706148	0.727990	0.750500	0.702260	0.746833	0.718940	0.701699	0.586042	0.603013	0.707332	0.599568	0.692642	0.630575	0.683702	0.616094	0.703864	0.728997	0.689529	0.761724	0.710515	0.725327	0.708769	0.666735	0.678522	0.697760	0.736727	0.751827	0.706354	0.690961	0.743953	0.657433	0.667260	
0.764946	0.738091	0.817200	0.836019	0.813244	0.762732	0.888110	0.793436	0.903442	0.935390	0.859468	0.776368	0.855433	-0.874936	0.829620	0.908684	0.956190	0.975328	-0.797433	0.783503	0.788397	0.766299	0.825550	0.828734	0.819955	0.835340	0.947335	0.973982	0.990228	0.896590	-0.809200	0.944987	0.942553	0.912051	0.868632	0.937156	0.990633	0.846576	-0.838558	1.300363	-0.751251	-0.830105	-0.876949	-0.820259	-0.795348	-0.832974	-0.833677	-0.784936	-0.872477	-0.812942	-0.809632	-0.672461	-0.607184	-0.690946	-0.738613	-0.840930	-0.768491	-0.816646	-0.795633	-0.809549	-0.820498	-0.820787	-0.914966	-0.854507	-0.839089	-0.855956	-0.817388	-0.781636	-0.772964	-0.859345	-0.758925	-0.800959	-0.857557	-0.826291	-0.571735	-0.850584	
-0.736118	-0.715117	-0.745113	-0.754077	-0.755923	-0.692351	-0.795323	-0.746417	-0.780234	-0.839644	-0.795363	-0.729976	-0.746010	0.731797	-0.776024	-0.815321	-0.804824	-0.663265	0.720156	-0.739195	-0.733112	-0.703311	-0.769729	-0.748829	-0.775334	-0.776157	-0.819619	-0.804701	-0.860725	-0.833719	0.715251	-0.835864	-0.854988	-0.806892	-0.805374	-0.864690	-0.841959	-0.826808	0.733449	-0.751251	0.882467	0.698460	0.750138	0.714879	0.699545	0.693807	0.743681	0.729810	0.754060	0.745097	0.733747	0.585967	0.590301	0.671435	0.587245	0.721892	0.664820	0.698712	0.642835	0.714085	0.688192	0.716003	0.754799	0.721064	0.716878	0.674499	0.693647	0.677916	0.710407	0.735741	0.684367	0.717383	0.676907	0.707555	0.790015	0.694484	
-0.720252	-0.746023	-0.774853	-0.733108	-0.761820	-0.723622	-0.777193	-0.752139	-0.808296	-0.842338	-0.763852	-0.731415	-0.775551	0.708747	-0.758342	-0.756595	-0.832241	-0.733017	0.698854	-0.706174	-0.673820	-0.734332	-0.788011	-0.777939	-0.726960	-0.758567	-0.792033	-0.793008	-0.808049	-0.791520	0.669196	-0.862221	-0.805477	-0.784563	-0.814307	-0.772897	-0.782527	-0.787771	0.699176	-0.830105	0.698460	0.905313	0.693307	0.744849	0.664096	0.752723	0.720172	0.661560	0.716666	0.728861	0.758271	0.754527	0.567149	0.678395	0.654822	0.731624	0.647135	0.676699	0.653360	0.732836	0.676345	0.707758	0.734532	0.704722	0.679873	0.689530	0.672077	0.748944	0.701746	0.719057	0.654695	0.638816	0.773450	0.770890	0.603957	0.739374	
-0.714137	-0.738373	-0.755559	-0.720432	-0.766072	-0.703214	-0.805029	-0.756789	-0.790165	-0.848852	-0.772195	-0.741143	-0.767444	0.733373	-0.786117	-0.792057	-0.814587	-0.756877	0.716333	-0.738863	-0.731755	-0.714111	-0.769201	-0.759057	-0.785378	-0.786190	-0.796699	-0.814411	-0.837078	-0.843317	0.709264	-0.766290	-0.785593	-0.773412	-0.815301	-0.873718	-0.851245	-0.825736	0.767865	-0.876949	0.750138	0.693307	0.871867	0.716627	0.722705	0.716967	0.777842	0.730748	0.833522	0.746506	0.730033	0.589201	0.589095	0.667699	0.585709	0.709374	0.648075	0.791546	0.645393	0.681163	0.710957	0.717749	0.867614	0.711552	0.718686	0.697794	0.664280	0.680104	0.667460	0.737345	0.728307	0.694174	0.707510	0.709450	0.655097	0.696518	
-0.727985	-0.707778	-0.736448	-0.701166	-0.746929	-0.686121	-0.784616	-0.737742	-0.770128	-0.794311	-0.744776	-0.711759	-0.737353	0.699829	-0.732751	-0.803552	-0.793519	-0.763394	0.739947	-0.713848	-0.680475	-0.696568	-0.749745	-0.707444	-0.707437	-0.776718	-0.775156	-0.793465	-0.847026	-0.814641	0.695359	-0.823117	-0.835286	-0.785392	-0.793854	-0.850817	-0.829084	-0.804059	0.750070	-0.820259	0.714879	0.744849	0.716627	0.844925	0.668451	0.736696	0.722664	0.696399	0.754201	0.712898	0.696415	0.668033	0.597991	0.718046	0.601216	0.711722	0.615930	0.667860	0.615083	0.688826	0.679569	0.684901	0.727819	0.728399	0.718685	0.683131	0.656546	0.755940	0.662127	0.735847	0.671380	0.694981	0.627738	0.736443	0.611181	0.722571	
-0.680399	-0.677572	-0.744866	-0.709997	-0.732044	-0.692992	-0.736397	-0.745043	-0.790201	-0.814362	-0.733176	-0.710141	-0.745749	0.672760	-0.751395	-0.751453	-0.751810	-0.746115	0.653693	-0.712903	-0.614301	-0.703771	-0.758490	-0.748523	-0.727699	-0.754439	-0.740825	-0.803445	-0.756624	-0.831930	0.647452	-0.782015	-0.806968	-0.762738	-0.794581	-0.801102	-0.816351	-0.814517	0.706148	-0.795348	0.699545	0.664096	0.722705	0.668451	1.053251	0.713702	0.720793	0.661525	0.694646	0.686497	0.692950	0.590718	0.533663	0.630294	0.587842	0.664560	0.623233	0.639568	0.645486	0.660459	0.686172	0.681151	0.765564	0.688658	0.915252	0.672668	0.664629	0.636473	0.708073	0.703616	0.650048	0.671378	0.707840	0.668186	0.612675	0.658061	
-0.717184	-0.668611	-0.758424	-0.663491	-0.762749	-0.716761	-0.762439	-0.692866	-0.792802	-0.779049	-0.718593	-0.672705	-0.759230	0.777911	-0.721664	-0.794714	-0.771216	-0.753358	0.682204	-0.674406	-0.656562	-0.710980	-0.765823	-0.761854	-0.728468	-0.811480	-0.721983	-0.818972	-0.761290	-0.805970	0.656016	-0.801532	-0.814170	-0.798631	-0.817870	-0.783377	-0.853552	-0.795134	0.727990	-0.832974	0.693807	0.752723	0.716967	0.736696	0.713702	0.994971	0.810668	0.718843	0.707784	0.680950	0.718917	0.642751	0.554888	0.628236	0.596886	0.687292	0.592875	0.666802	0.586482	0.733083	0.657171	0.674474	0.728470	0.672287	0.650226	0.670144	0.629284	0.700606	0.705549	0.699074	0.620883	0.628174	0.672244	0.705387	0.606937	0.699104	
-0.733732	-0.745567	-0.774558	-0.740105	-0.784526	-0.723050	-0.822628	-0.710003	-0.808189	-0.800557	-0.790927	-0.749593	-0.775262	0.825148	-0.738415	-0.810241	-0.832267	-0.775953	0.710653	-0.758453	-0.719185	-0.727723	-0.787791	-0.777666	-0.803608	-0.806552	-0.782839	-0.831996	-0.763180	-0.827925	0.688316	-0.862415	-0.880750	-0.791806	-0.833266	-0.857993	-0.809025	-0.810829	0.750500	-0.833677	0.743681	0.720172	0.777842	0.722664	0.720793	0.810668	0.929053	0.841094	0.749025	0.740412	0.815694	0.618528	0.633298	0.686368	0.603349	0.740252	0.643916	0.727838	0.641522	0.676291	0.705586	0.712257	0.781883	0.706167	0.712952	0.692600	0.659921	0.675419	0.663006	0.731110	0.665346	0.689176	0.722824	0.736711	0.698805	0.691383	
-0.716957	-0.718863	-0.736886	-0.745701	-0.736322	-0.674163	-0.774847	-0.660421	-0.759980	-0.752532	-0.774421	-0.700178	-0.726412	0.771742	-0.688873	-0.794046	-0.783786	-0.759277	0.696398	-0.720166	-0.702057	-0.678615	-0.739082	-0.729386	-0.755077	-0.758593	-0.798603	-0.783785	-0.778899	-0.811654	0.686175	-0.814001	-0.832816	-0.775586	-0.783960	-0.842425	-0.760555	-0.794455	0.702260	-0.784936	0.729810	0.661560	0.730748	0.696399	0.661525	0.718843	0.841094	0.886904	0.722760	0.714344	0.770493	0.558445	0.628362	0.672161	0.555962	0.680869	0.652254	0.681328	0.638349	0.648265	0.646481	0.685729	0.723306	0.679421	0.690801	0.637981	0.632502	0.648327	0.664214	0.703399	0.660796	0.685100	0.653629	0.676605	0.719329	0.664009	
-0.744983	-0.724835	-0.753826	-0.751481	-0.764135	-0.702659	-0.802237	-0.755037	-0.787685	-0.845096	-0.802430	-0.728860	-0.754644	0.737537	-0.783700	-0.821680	-0.811534	-0.787457	0.755641	-0.737486	-0.730560	-0.713313	-0.767173	-0.757275	-0.782991	-0.783786	-0.825731	-0.811379	-0.865535	-0.839559	0.717795	-0.764305	-0.783188	-0.803119	-0.812180	-0.869368	-0.847394	-0.822397	0.746833	-0.872477	0.754060	0.716666	0.833522	0.754201	0.694646	0.707784	0.749025	0.722760	0.848378	0.750336	0.734295	0.630024	0.617799	0.692028	0.614845	0.729541	0.654416	0.782893	0.651445	0.701719	0.683627	0.722236	0.836630	0.749656	0.723331	0.704357	0.685116	0.718908	0.691794	0.760903	0.675324	0.699210	0.666362	0.733106	0.648739	0.701586	
-0.726456	-0.706223	-0.734894	-0.732679	-0.745400	-0.706373	-0.783087	-0.736196	-0.768590	-0.825481	-0.782853	-0.710205	-0.735808	0.729051	-0.775990	-0.801998	-0.791965	-0.740482	0.723335	-0.679126	-0.711988	-0.695031	-0.748199	-0.760369	-0.763843	-0.764629	-0.806326	-0.753169	-0.845480	-0.819345	0.690700	-0.821554	-0.800948	-0.783855	-0.804020	-0.810521	-0.827538	-0.814169	0.718940	-0.812942	0.745097	0.728861	0.746506	0.712898	0.686497	0.680950	0.740412	0.714344	0.750336	0.823666	0.725798	0.650401	0.577541	0.726937	0.574619	0.745385	0.657510	0.697406	0.665741	0.718544	0.675732	0.713963	0.751022	0.707949	0.714717	0.662222	0.662224	0.677539	0.665287	0.743703	0.667564	0.691144	0.698835	0.705837	0.641059	0.715721	
-0.718714	-0.744749	-0.773903	-0.764708	-0.760741	-0.722121	-0.776284	-0.728531	-0.807727	-0.842149	-0.770389	-0.729976	-0.774614	0.744825	-0.757206	-0.788637	-0.831936	-0.779002	0.698083	-0.752267	-0.683427	-0.732941	-0.787213	-0.777038	-0.784403	-0.757440	-0.791288	-0.831665	-0.748158	-0.798288	0.688048	-0.862252	-0.851610	-0.838797	-0.813791	-0.811329	-0.755363	-0.786956	0.701699	-0.809632	0.733747	0.758271	0.730033	0.696415	0.692950	0.718917	0.815694	0.770493	0.734295	0.725798	0.870389	0.633249	0.617921	0.653978	0.631891	0.721500	0.682534	0.712823	0.655780	0.677258	0.704920	0.743625	0.754958	0.714221	0.716868	0.691844	0.691347	0.667003	0.707621	0.712611	0.673558	0.698642	0.734656	0.747596	0.683451	0.682914	
-0.667321	-0.609554	-0.675720	-0.576676	-0.664249	-0.692292	-0.702351	-0.676513	-0.710443	-0.745211	-0.672593	-0.657892	-0.676973	0.607040	-0.706256	-0.680383	-0.733429	-0.680496	0.699297	-0.590790	-0.583074	-0.636071	-0.689502	-0.680457	-0.600628	-0.682790	-0.717272	-0.694527	-0.732547	-0.714207	0.597001	-0.763022	-0.729539	-0.708926	-0.747936	-0.660230	-0.706883	-0.735263	0.586042	-0.672461	0.585967	0.754527	0.589201	0.668033	0.590718	0.642751	0.618528	0.558445	0.630024	0.650401	0.633249	0.972969	0.529696	0.633640	0.559874	0.645165	0.565401	0.601889	0.588609	0.616506	0.566683	0.583839	0.646553	0.640903	0.602923	0.579178	0.577342	0.728915	0.559106	0.634379	0.536928	0.595948	0.675249	0.661684	0.541483	0.642451	
-0.613355	-0.613503	-0.642399	-0.609816	-0.632507	-0.615294	-0.714717	-0.626101	-0.655330	-0.610603	-0.667844	-0.633657	-0.664999	0.614827	-0.649866	-0.687845	-0.677700	-0.600282	0.654534	-0.602140	-0.567703	-0.551355	-0.638103	-0.625647	-0.649900	-0.650695	-0.591238	-0.678288	-0.621453	-0.706775	0.583623	-0.706979	-0.726183	-0.670763	-0.622879	-0.736277	-0.655316	-0.581280	0.603013	-0.607184	0.590301	0.567149	0.589095	0.597991	0.533663	0.554888	0.633298	0.628362	0.617799	0.577541	0.617921	0.529696	0.949838	0.581657	0.481711	0.629845	0.543176	0.528955	0.478651	0.623218	0.577330	0.548486	0.584111	0.591710	0.565597	0.559608	0.543242	0.618579	0.548249	0.589847	0.600221	0.524495	0.513384	0.562553	0.640381	0.552860	
-0.607008	-0.678723	-0.727804	-0.610251	-0.715659	-0.653500	-0.754184	-0.729175	-0.749515	-0.764094	-0.742627	-0.672829	-0.619503	0.651623	-0.700631	-0.795693	-0.762772	-0.698072	0.725308	-0.647020	-0.659107	-0.663998	-0.718186	-0.697534	-0.757443	-0.756846	-0.744513	-0.723268	-0.817653	-0.790278	0.629453	-0.792868	-0.771958	-0.754807	-0.694016	-0.781909	-0.799309	-0.796861	0.707332	-0.690946	0.671435	0.678395	0.667699	0.718046	0.630294	0.628236	0.686368	0.672161	0.692028	0.726937	0.653978	0.633640	0.581657	0.953614	0.520404	0.690212	0.570830	0.618379	0.587767	0.657463	0.630908	0.636630	0.673653	0.656730	0.669236	0.608774	0.582849	0.683901	0.625585	0.679640	0.622808	0.761623	0.623778	0.687970	0.619434	0.643068	
-0.591417	-0.615173	-0.644164	-0.635741	-0.581450	-0.594805	-0.670684	-0.599765	-0.701370	-0.640429	-0.680932	-0.600483	-0.645592	0.604585	-0.627561	-0.658816	-0.701873	-0.644969	0.584329	-0.617784	-0.543295	-0.604863	-0.583557	-0.649421	-0.649112	-0.673159	-0.663592	-0.702327	-0.678270	-0.662532	0.571287	-0.731288	-0.717515	-0.688019	-0.681614	-0.682104	-0.685435	-0.678419	0.599568	-0.738613	0.587245	0.654822	0.585709	0.601216	0.587842	0.596886	0.603349	0.555962	0.614845	0.574619	0.631891	0.559874	0.481711	0.520404	0.868811	0.606358	0.557287	0.603943	0.601068	0.577619	0.568591	0.591513	0.599268	0.611651	0.583296	0.616870	0.586748	0.615393	0.604867	0.584694	0.568676	0.521541	0.598768	0.663933	0.515506	0.632454	
