0.000000	0.132597	0.116022	0.159341	0.108696	0.135870	0.097826	0.104396	0.120219	0.119565	0.111111	0.121547	0.131868	0.818681	0.099448	0.088398	0.093923	0.127778	0.801136	0.150838	0.153846	0.142077	0.109890	0.114130	0.109890	0.098901	0.130435	0.104396	0.087912	0.084270	0.774834	0.100000	0.093923	0.109290	0.078652	0.087912	0.104396	0.106145	0.788571	0.122222	0.801136	0.803279	0.797753	0.798913	0.787709	0.810056	0.813187	0.794444	0.807692	0.798913	0.801105	0.780220	0.747253	0.777778	0.736264	0.820225	0.758621	0.783333	0.777174	0.795455	0.791209	0.775956	0.817680	0.785714	0.806818	0.780899	0.773481	0.802198	0.766667	0.821839	0.775956	0.780220	0.810345	0.808989	0.786517	0.821229	
0.132597	0.000000	0.117978	0.139665	0.116022	0.127072	0.121547	0.128492	0.083333	0.110497	0.124294	0.112360	0.143646	0.810056	0.117978	0.101124	0.083799	0.141243	0.791908	0.136364	0.178771	0.144444	0.111732	0.104972	0.111732	0.122905	0.143646	0.094972	0.122905	0.097143	0.780000	0.101695	0.117318	0.122222	0.102857	0.089385	0.117318	0.119318	0.802326	0.135593	0.791908	0.816667	0.805714	0.790055	0.789773	0.801136	0.815642	0.796610	0.798883	0.790055	0.814607	0.759777	0.748603	0.782123	0.748603	0.811429	0.766082	0.796610	0.756906	0.780347	0.815642	0.800000	0.820225	0.776536	0.797688	0.805714	0.780899	0.793296	0.779661	0.795322	0.788889	0.770950	0.830409	0.811429	0.782857	0.795455	
0.116022	0.117978	0.000000	0.139665	0.104972	0.099448	0.093923	0.089385	0.083333	0.099448	0.112994	0.106742	0.094972	0.832402	0.117978	0.084270	0.073034	0.124294	0.809249	0.090909	0.150838	0.116667	0.083799	0.099448	0.072626	0.089385	0.116022	0.067039	0.093923	0.067797	0.777027	0.072626	0.078652	0.083333	0.073446	0.082873	0.078212	0.089385	0.813953	0.096045	0.809249	0.833333	0.817143	0.806630	0.818182	0.829545	0.832402	0.807910	0.815642	0.806630	0.831461	0.787709	0.765363	0.807910	0.765363	0.811429	0.777778	0.802260	0.817680	0.815029	0.815642	0.800000	0.848315	0.804469	0.838150	0.822857	0.792135	0.810056	0.807910	0.813953	0.788889	0.810056	0.836257	0.817143	0.782857	0.806818	
0.159341	0.139665	0.139665	0.000000	0.148352	0.153846	0.148352	0.164835	0.110497	0.148352	0.134831	0.134078	0.116667	0.833333	0.162011	0.117318	0.094972	0.151685	0.789773	0.163842	0.205556	0.171271	0.126374	0.131868	0.150000	0.150000	0.148352	0.111111	0.133333	0.112360	0.814570	0.117978	0.128492	0.116022	0.136364	0.122222	0.122222	0.152542	0.797688	0.129213	0.821839	0.828729	0.812500	0.802198	0.813559	0.813559	0.827778	0.820225	0.822222	0.813187	0.832402	0.772222	0.774725	0.780899	0.766667	0.829545	0.796512	0.808989	0.780220	0.816092	0.805556	0.806630	0.837989	0.822222	0.821839	0.806818	0.798883	0.788889	0.814607	0.816092	0.795580	0.794444	0.813953	0.801136	0.769663	0.796610	
0.108696	0.116022	0.104972	0.148352	0.000000	0.103261	0.086957	0.093407	0.087432	0.086957	0.122222	0.104972	0.120879	0.829670	0.088398	0.099448	0.077348	0.150000	0.812500	0.139665	0.131868	0.120219	0.076923	0.103261	0.093407	0.087912	0.130435	0.082418	0.087912	0.073034	0.774834	0.077778	0.088398	0.098361	0.084270	0.076923	0.076923	0.106145	0.817143	0.100000	0.812500	0.825137	0.820225	0.809783	0.810056	0.826816	0.835165	0.805556	0.818681	0.809783	0.823204	0.780220	0.758242	0.800000	0.758242	0.831461	0.770115	0.794444	0.777174	0.801136	0.824176	0.808743	0.850829	0.807692	0.835227	0.814607	0.784530	0.824176	0.788889	0.804598	0.786885	0.802198	0.844828	0.814607	0.786517	0.798883	
0.135870	0.127072	0.099448	0.153846	0.103261	0.000000	0.103261	0.120879	0.103825	0.114130	0.116667	0.116022	0.104396	0.791209	0.116022	0.099448	0.088398	0.144444	0.784091	0.139665	0.153846	0.114754	0.093407	0.097826	0.104396	0.104396	0.135870	0.082418	0.104396	0.078652	0.741722	0.083333	0.099448	0.092896	0.084270	0.093407	0.109890	0.100559	0.777143	0.116667	0.772727	0.797814	0.780899	0.771739	0.782123	0.798883	0.796703	0.766667	0.780220	0.782609	0.795580	0.785714	0.741758	0.761111	0.730769	0.792135	0.764368	0.755556	0.750000	0.778409	0.796703	0.770492	0.812155	0.769231	0.795455	0.786517	0.767956	0.774725	0.761111	0.793103	0.759563	0.763736	0.816092	0.786517	0.747191	0.787709	
0.097826	0.121547	0.093923	0.148352	0.086957	0.103261	0.000000	0.071429	0.065574	0.086957	0.088889	0.088398	0.109890	0.840659	0.077348	0.077348	0.060773	0.127778	0.835227	0.128492	0.098901	0.109290	0.076923	0.092391	0.076923	0.065934	0.097826	0.071429	0.054945	0.050562	0.801325	0.055556	0.049724	0.081967	0.067416	0.054945	0.071429	0.083799	0.840000	0.077778	0.835227	0.836066	0.842697	0.831522	0.826816	0.843575	0.857143	0.827778	0.840659	0.831522	0.834254	0.802198	0.802198	0.822222	0.780220	0.853933	0.781609	0.816667	0.798913	0.840909	0.835165	0.808743	0.856354	0.818681	0.840909	0.814607	0.806630	0.835165	0.788889	0.856322	0.808743	0.824176	0.856322	0.842697	0.808989	0.854749	
0.104396	0.128492	0.089385	0.164835	0.093407	0.120879	0.071429	0.000000	0.104972	0.093407	0.106742	0.117318	0.116667	0.811111	0.083799	0.094972	0.089385	0.134831	0.806818	0.124294	0.116667	0.121547	0.093407	0.109890	0.083333	0.083333	0.126374	0.088889	0.083333	0.067416	0.768212	0.084270	0.089385	0.104972	0.073864	0.072222	0.077778	0.090395	0.809249	0.106742	0.804598	0.817680	0.812500	0.802198	0.813559	0.813559	0.816667	0.786517	0.811111	0.802198	0.804469	0.783333	0.752747	0.803371	0.738889	0.823864	0.750000	0.808989	0.780220	0.804598	0.805556	0.779006	0.832402	0.788889	0.810345	0.795455	0.776536	0.805556	0.769663	0.839080	0.779006	0.794444	0.825581	0.801136	0.780899	0.813559	
0.120219	0.083333	0.083333	0.110497	0.087432	0.103825	0.065574	0.104972	0.000000	0.087432	0.100559	0.100000	0.082873	0.834254	0.088889	0.077778	0.049724	0.106145	0.822857	0.129213	0.154696	0.109890	0.077348	0.092896	0.088398	0.088398	0.087432	0.038674	0.077348	0.050847	0.806667	0.055556	0.072222	0.060440	0.067797	0.066298	0.065934	0.084270	0.833333	0.078212	0.828571	0.851648	0.836158	0.825137	0.842697	0.848315	0.850829	0.821229	0.834254	0.825137	0.850000	0.806630	0.773481	0.821229	0.795580	0.847458	0.797688	0.821229	0.803279	0.834286	0.850829	0.835165	0.861111	0.823204	0.840000	0.830508	0.822222	0.824176	0.815642	0.833333	0.813187	0.817680	0.867052	0.847458	0.802260	0.837079	
0.119565	0.110497	0.099448	0.148352	0.086957	0.114130	0.086957	0.093407	0.087432	0.000000	0.111111	0.116022	0.098901	0.862637	0.082873	0.088398	0.082873	0.127778	0.869318	0.134078	0.131868	0.103825	0.076923	0.081522	0.093407	0.087912	0.086957	0.071429	0.071429	0.067416	0.827815	0.072222	0.093923	0.087432	0.067416	0.071429	0.082418	0.078212	0.862857	0.066667	0.869318	0.879781	0.876404	0.853261	0.865922	0.871508	0.879121	0.850000	0.873626	0.864130	0.878453	0.835165	0.791209	0.844444	0.802198	0.876404	0.827586	0.850000	0.831522	0.869318	0.857143	0.852459	0.906077	0.862637	0.869318	0.870787	0.850829	0.868132	0.844444	0.873563	0.819672	0.846154	0.902299	0.859551	0.853933	0.865922	
0.111111	0.124294	0.112994	0.134831	0.122222	0.116667	0.088889	0.106742	0.100559	0.111111	0.000000	0.107345	0.134831	0.859551	0.096045	0.084746	0.096045	0.134831	0.833333	0.141243	0.146067	0.145251	0.112360	0.116667	0.084270	0.101124	0.111111	0.089888	0.084270	0.079545	0.818792	0.096591	0.106145	0.083799	0.086207	0.061798	0.089888	0.102857	0.824561	0.102273	0.843023	0.832402	0.839080	0.822222	0.834286	0.840000	0.853933	0.835227	0.848315	0.838889	0.837079	0.797753	0.786517	0.829545	0.788889	0.862069	0.788235	0.823864	0.788889	0.816092	0.820225	0.815642	0.837989	0.814607	0.825581	0.821839	0.813559	0.842697	0.806818	0.843023	0.804469	0.808989	0.835294	0.839080	0.827586	0.857143	
0.121547	0.112360	0.106742	0.134078	0.104972	0.116022	0.088398	0.117318	0.100000	0.116022	0.107345	0.000000	0.111732	0.810056	0.117978	0.112360	0.095506	0.141243	0.791908	0.142045	0.167598	0.133333	0.089385	0.116022	0.110497	0.100559	0.138122	0.094972	0.100559	0.080000	0.771812	0.090395	0.101124	0.111111	0.096045	0.078212	0.100559	0.096591	0.802326	0.112994	0.797688	0.805556	0.805714	0.790055	0.795455	0.801136	0.815642	0.785311	0.798883	0.790055	0.803371	0.770950	0.754190	0.774011	0.737430	0.811429	0.754386	0.774011	0.773481	0.777143	0.804469	0.777778	0.825843	0.782123	0.800000	0.794286	0.775281	0.787709	0.768362	0.807018	0.783333	0.793296	0.830409	0.790960	0.760000	0.796610	
0.131868	0.143646	0.094972	0.116667	0.120879	0.104396	0.109890	0.116667	0.082873	0.098901	0.134831	0.111732	0.000000	0.827778	0.134078	0.100559	0.083799	0.140449	0.821839	0.141243	0.177778	0.132597	0.077778	0.115385	0.111111	0.111111	0.109890	0.072222	0.100000	0.062500	0.801325	0.078652	0.094972	0.088398	0.079545	0.088889	0.094444	0.107345	0.815029	0.101124	0.810345	0.834254	0.823864	0.807692	0.819209	0.830508	0.833333	0.803371	0.816667	0.807692	0.832402	0.788889	0.777778	0.788889	0.766667	0.818182	0.784884	0.792135	0.785714	0.827586	0.822222	0.801105	0.849162	0.805556	0.827586	0.812500	0.793296	0.811111	0.797753	0.831395	0.801105	0.788889	0.848837	0.818182	0.789773	0.807910	
0.818681	0.810056	0.832402	0.833333	0.829670	0.791209	0.840659	0.811111	0.834254	0.862637	0.859551	0.810056	0.827778	0.000000	0.821229	0.865922	0.860335	0.853933	0.057471	0.830508	0.794444	0.795580	0.827778	0.824176	0.838889	0.838889	0.851648	0.861111	0.872222	0.863636	0.033557	0.882022	0.882682	0.850829	0.857955	0.883333	0.883333	0.847458	0.046243	0.898876	0.034483	0.060773	0.039773	0.054945	0.073446	0.050847	0.027778	0.044444	0.033333	0.043956	0.044693	0.116667	0.116667	0.084270	0.111111	0.051136	0.075581	0.050562	0.087912	0.074713	0.072222	0.060773	0.044693	0.055556	0.062500	0.067416	0.083799	0.072222	0.072222	0.058140	0.082873	0.072222	0.081395	0.045455	0.085227	0.073446	
0.099448	0.117978	0.117978	0.162011	0.088398	0.116022	0.077348	0.083799	0.088889	0.082873	0.096045	0.117978	0.134078	0.821229	0.000000	0.101124	0.095506	0.150838	0.828571	0.152542	0.134078	0.127778	0.089385	0.088398	0.100559	0.078212	0.110497	0.094972	0.089385	0.074286	0.797297	0.090395	0.084270	0.105556	0.090395	0.078212	0.094972	0.106742	0.819767	0.101695	0.826590	0.827778	0.834286	0.812155	0.823864	0.835227	0.837989	0.807910	0.832402	0.828729	0.825843	0.804469	0.770950	0.802260	0.759777	0.845714	0.774566	0.819209	0.790055	0.820809	0.815642	0.811111	0.848315	0.810056	0.820809	0.805714	0.797753	0.815642	0.790960	0.838150	0.788889	0.804469	0.847953	0.811429	0.811429	0.835227	
0.088398	0.101124	0.084270	0.117318	0.099448	0.099448	0.077348	0.094972	0.077778	0.088398	0.084746	0.112360	0.100559	0.865922	0.101124	0.000000	0.061453	0.090395	0.843931	0.134831	0.143646	0.111111	0.089385	0.088398	0.089385	0.078212	0.088398	0.061453	0.055866	0.045714	0.831081	0.067416	0.078652	0.055556	0.068571	0.055866	0.050279	0.085227	0.843023	0.079096	0.849711	0.838889	0.845714	0.845304	0.829545	0.857955	0.860335	0.841808	0.854749	0.845304	0.842697	0.804469	0.793296	0.847458	0.776536	0.868571	0.801170	0.830508	0.801105	0.838150	0.837989	0.822222	0.859551	0.832402	0.849711	0.828571	0.815642	0.833333	0.813559	0.848837	0.822222	0.837989	0.847953	0.834286	0.822857	0.846591	
0.093923	0.083799	0.073034	0.094972	0.077348	0.088398	0.060773	0.089385	0.049724	0.082873	0.096045	0.095506	0.083799	0.860335	0.095506	0.061453	0.000000	0.090395	0.838150	0.113636	0.128492	0.094444	0.061453	0.066298	0.072626	0.072626	0.082873	0.033520	0.055866	0.040000	0.831081	0.033520	0.055866	0.061111	0.057143	0.055866	0.061111	0.073864	0.848837	0.056497	0.843931	0.866667	0.851429	0.839779	0.835227	0.852273	0.865922	0.836158	0.849162	0.839779	0.865169	0.821229	0.787709	0.830508	0.798883	0.862857	0.812865	0.836158	0.817680	0.843931	0.865922	0.838889	0.882022	0.837989	0.849711	0.857143	0.826816	0.834254	0.819209	0.838150	0.827778	0.837989	0.883041	0.851429	0.822857	0.846591	
0.127778	0.141243	0.124294	0.151685	0.150000	0.144444	0.127778	0.134831	0.106145	0.127778	0.134831	0.141243	0.140449	0.853933	0.150838	0.090395	0.090395	0.000000	0.840909	0.146893	0.185393	0.128492	0.129213	0.122222	0.129213	0.129213	0.116667	0.078652	0.106742	0.090909	0.823129	0.096591	0.111732	0.100559	0.079545	0.095506	0.095506	0.090395	0.830409	0.102273	0.825581	0.826816	0.833333	0.827778	0.834286	0.840000	0.848315	0.829545	0.842697	0.827778	0.842697	0.803371	0.769663	0.812500	0.772222	0.833333	0.808140	0.840909	0.794444	0.816092	0.837079	0.821229	0.843575	0.820225	0.848837	0.816092	0.819209	0.837079	0.812500	0.839080	0.810056	0.825843	0.841176	0.844828	0.798851	0.834286	
0.801136	0.791908	0.809249	0.789773	0.812500	0.784091	0.835227	0.806818	0.822857	0.869318	0.833333	0.791908	0.821839	0.057471	0.828571	0.843931	0.838150	0.840909	0.000000	0.797688	0.804598	0.794286	0.812500	0.806818	0.816092	0.821839	0.857955	0.839080	0.879310	0.850575	0.034014	0.860465	0.868571	0.834286	0.843023	0.879310	0.856322	0.855491	0.035928	0.877907	0.035294	0.051429	0.041176	0.028409	0.076023	0.064327	0.051724	0.052326	0.022989	0.039773	0.056818	0.074713	0.096591	0.063218	0.107955	0.052941	0.088235	0.069767	0.096591	0.058824	0.086207	0.062857	0.051429	0.034483	0.053571	0.058824	0.075145	0.034483	0.058140	0.040698	0.085714	0.063218	0.077381	0.047059	0.087209	0.064327	
0.150838	0.136364	0.090909	0.163842	0.139665	0.139665	0.128492	0.124294	0.129213	0.134078	0.141243	0.142045	0.141243	0.830508	0.152542	0.134831	0.113636	0.146893	0.797688	0.000000	0.150838	0.129213	0.118644	0.111732	0.101695	0.129944	0.162011	0.101695	0.129944	0.102857	0.794521	0.108571	0.101124	0.123596	0.109827	0.084746	0.118644	0.137931	0.811765	0.131429	0.812865	0.808989	0.815029	0.798883	0.816092	0.810345	0.830508	0.805714	0.813559	0.793296	0.824859	0.762712	0.751412	0.782857	0.754190	0.803468	0.781065	0.800000	0.810056	0.780347	0.819209	0.797753	0.825843	0.802260	0.824561	0.820809	0.801136	0.796610	0.805714	0.807018	0.786517	0.785311	0.810651	0.809249	0.780347	0.804598	
0.153846	0.178771	0.150838	0.205556	0.131868	0.153846	0.098901	0.116667	0.154696	0.131868	0.146067	0.167598	0.177778	0.794444	0.134078	0.143646	0.128492	0.185393	0.804598	0.150838	0.000000	0.165746	0.133333	0.131868	0.122222	0.122222	0.131868	0.138889	0.088889	0.107955	0.758389	0.123596	0.128492	0.154696	0.136364	0.100000	0.127778	0.129944	0.791908	0.129213	0.804598	0.790055	0.806818	0.785714	0.774011	0.796610	0.811111	0.792135	0.805556	0.796703	0.793296	0.755556	0.744444	0.780899	0.722222	0.806818	0.744186	0.780899	0.763736	0.804598	0.777778	0.784530	0.815642	0.772222	0.787356	0.789773	0.782123	0.800000	0.752809	0.819767	0.762431	0.777778	0.802326	0.772727	0.772727	0.819209	
0.142077	0.144444	0.116667	0.171271	0.120219	0.114754	0.109290	0.121547	0.109890	0.103825	0.145251	0.133333	0.132597	0.795580	0.127778	0.111111	0.094444	0.128492	0.794286	0.129213	0.165746	0.000000	0.099448	0.092896	0.088398	0.110497	0.131148	0.082873	0.110497	0.084746	0.740000	0.089385	0.105556	0.109890	0.067797	0.099448	0.116022	0.106742	0.787356	0.117318	0.782857	0.807692	0.790960	0.781421	0.792135	0.797753	0.801105	0.770950	0.790055	0.781421	0.805556	0.762431	0.729282	0.770950	0.740331	0.790960	0.774566	0.765363	0.759563	0.800000	0.806630	0.780220	0.822222	0.779006	0.811429	0.796610	0.777778	0.784530	0.770950	0.791908	0.758242	0.773481	0.826590	0.790960	0.757062	0.792135	
0.109890	0.111732	0.083799	0.126374	0.076923	0.093407	0.076923	0.093407	0.077348	0.076923	0.112360	0.089385	0.077778	0.827778	0.089385	0.089385	0.061453	0.129213	0.812500	0.118644	0.133333	0.099448	0.000000	0.060440	0.066667	0.066667	0.098901	0.061111	0.077778	0.050562	0.781457	0.056180	0.072626	0.066298	0.068182	0.066667	0.083333	0.084746	0.815029	0.089888	0.816092	0.834254	0.818182	0.807692	0.819209	0.824859	0.833333	0.803371	0.816667	0.807692	0.832402	0.788889	0.758242	0.797753	0.755556	0.835227	0.779070	0.792135	0.785714	0.827586	0.833333	0.806630	0.849162	0.805556	0.827586	0.823864	0.804469	0.811111	0.797753	0.816092	0.795580	0.800000	0.854651	0.818182	0.786517	0.807910	
0.114130	0.104972	0.099448	0.131868	0.103261	0.097826	0.092391	0.109890	0.092896	0.081522	0.116667	0.116022	0.115385	0.824176	0.088398	0.088398	0.066298	0.122222	0.806818	0.111732	0.131868	0.092896	0.060440	0.000000	0.082418	0.082418	0.103261	0.076923	0.093407	0.067416	0.788079	0.072222	0.088398	0.092896	0.073034	0.082418	0.098901	0.100559	0.800000	0.094444	0.806818	0.830601	0.814607	0.793478	0.815642	0.826816	0.829670	0.800000	0.813187	0.815217	0.828729	0.785714	0.752747	0.794444	0.763736	0.825843	0.787356	0.788889	0.793478	0.812500	0.818681	0.803279	0.845304	0.802198	0.812500	0.820225	0.801105	0.807692	0.794444	0.816092	0.781421	0.785714	0.850575	0.803371	0.780899	0.826816	
0.109890	0.111732	0.072626	0.150000	0.093407	0.104396	0.076923	0.083333	0.088398	0.093407	0.084270	0.110497	0.111111	0.838889	0.100559	0.089385	0.072626	0.129213	0.816092	0.101695	0.122222	0.088398	0.066667	0.082418	0.000000	0.077778	0.104396	0.061111	0.077778	0.051136	0.786667	0.067416	0.072626	0.088398	0.067416	0.055556	0.083333	0.079096	0.826590	0.095506	0.821839	0.823204	0.829545	0.807692	0.813559	0.830508	0.844444	0.814607	0.827778	0.818681	0.832402	0.772222	0.766667	0.820225	0.761111	0.840909	0.779070	0.803371	0.791209	0.812500	0.833333	0.806630	0.837989	0.800000	0.823864	0.829545	0.804469	0.811111	0.803371	0.825581	0.801105	0.800000	0.843023	0.820225	0.795455	0.819209	
0.098901	0.122905	0.089385	0.150000	0.087912	0.104396	0.065934	0.083333	0.088398	0.087912	0.101124	0.100559	0.111111	0.838889	0.078212	0.078212	0.072626	0.129213	0.821839	0.129944	0.122222	0.110497	0.066667	0.082418	0.077778	0.000000	0.109890	0.072222	0.066667	0.051136	0.785235	0.067416	0.072626	0.088398	0.068182	0.055556	0.072222	0.067797	0.826590	0.089888	0.821839	0.823204	0.829545	0.824176	0.821229	0.853107	0.846154	0.816667	0.827778	0.818681	0.821229	0.788889	0.766667	0.820225	0.777778	0.831461	0.767442	0.803371	0.785714	0.816092	0.811111	0.806630	0.849162	0.805556	0.827586	0.812500	0.793296	0.822222	0.786517	0.825581	0.795580	0.811111	0.831395	0.818182	0.795455	0.830508	
0.130435	0.143646	0.116022	0.148352	0.130435	0.135870	0.097826	0.126374	0.087432	0.086957	0.111111	0.138122	0.109890	0.851648	0.110497	0.088398	0.082873	0.116667	0.857955	0.162011	0.131868	0.131148	0.098901	0.103261	0.104396	0.109890	0.000000	0.082418	0.054945	0.050562	0.821192	0.077778	0.093923	0.087432	0.084270	0.076923	0.093407	0.072626	0.840000	0.077778	0.857955	0.857923	0.853933	0.842391	0.843575	0.843575	0.857143	0.850000	0.862637	0.853261	0.856354	0.824176	0.780220	0.833333	0.791209	0.853933	0.804598	0.827778	0.820652	0.857955	0.835165	0.852459	0.872928	0.840659	0.857955	0.848315	0.839779	0.857143	0.822222	0.867816	0.819672	0.835165	0.867816	0.837079	0.842697	0.865922	
0.104396	0.094972	0.067039	0.111111	0.082418	0.082418	0.071429	0.088889	0.038674	0.071429	0.089888	0.094972	0.072222	0.861111	0.094972	0.061453	0.033520	0.078652	0.839080	0.101695	0.138889	0.082873	0.061111	0.076923	0.061111	0.072222	0.082418	0.000000	0.061111	0.034091	0.814570	0.039326	0.055866	0.049724	0.051136	0.038889	0.055556	0.067797	0.843931	0.050562	0.839080	0.850829	0.846591	0.835165	0.847458	0.860335	0.861111	0.831461	0.844444	0.824176	0.860335	0.805556	0.783333	0.814607	0.794444	0.846591	0.808140	0.831461	0.813187	0.833333	0.861111	0.834254	0.877095	0.833333	0.856322	0.852273	0.832402	0.838889	0.825843	0.848837	0.823204	0.827778	0.872093	0.848315	0.812500	0.849162	
0.087912	0.122905	0.093923	0.133333	0.087912	0.104396	0.054945	0.083333	0.077348	0.071429	0.084270	0.100559	0.100000	0.872222	0.089385	0.055866	0.055866	0.106742	0.879310	0.129944	0.088889	0.110497	0.077778	0.093407	0.077778	0.066667	0.054945	0.061111	0.000000	0.039326	0.845638	0.055556	0.061453	0.066298	0.067416	0.043956	0.050000	0.061453	0.872832	0.050562	0.879310	0.867403	0.875000	0.873626	0.853107	0.864407	0.866667	0.859551	0.883333	0.873626	0.854749	0.833333	0.800000	0.865169	0.800000	0.886364	0.813953	0.848315	0.840659	0.873563	0.855556	0.850829	0.893855	0.861111	0.885057	0.857955	0.860335	0.877778	0.831461	0.889535	0.850829	0.866667	0.877907	0.863636	0.840909	0.887006	
0.084270	0.097143	0.067797	0.112360	0.073034	0.078652	0.050562	0.067416	0.050847	0.067416	0.079545	0.080000	0.062500	0.863636	0.074286	0.045714	0.040000	0.090909	0.850575	0.102857	0.107955	0.084746	0.050562	0.067416	0.051136	0.051136	0.050562	0.034091	0.039326	0.000000	0.836735	0.039773	0.045198	0.045198	0.045977	0.028090	0.039773	0.045714	0.863905	0.063218	0.858824	0.847458	0.866279	0.848315	0.867052	0.861272	0.869318	0.850575	0.863636	0.853933	0.852273	0.812500	0.803371	0.844828	0.780899	0.866279	0.815476	0.827586	0.814607	0.854651	0.869318	0.841808	0.875706	0.840909	0.870588	0.860465	0.840000	0.846591	0.833333	0.860465	0.841808	0.846591	0.875000	0.843023	0.844828	0.855491	
0.774834	0.780000	0.777027	0.814570	0.774834	0.741722	0.801325	0.768212	0.806667	0.827815	0.818792	0.771812	0.801325	0.033557	0.797297	0.831081	0.831081	0.823129	0.034014	0.794521	0.758389	0.740000	0.781457	0.788079	0.786667	0.785235	0.821192	0.814570	0.845638	0.836735	0.000000	0.843537	0.858108	0.813333	0.801370	0.852349	0.852349	0.821918	0.026667	0.852349	0.020134	0.052980	0.026490	0.033113	0.060811	0.066667	0.040268	0.034014	0.019868	0.033113	0.040000	0.093960	0.092715	0.072848	0.100671	0.040816	0.061224	0.053691	0.099338	0.047945	0.066225	0.046667	0.040541	0.033113	0.055556	0.054422	0.046667	0.067114	0.034014	0.041958	0.026667	0.046980	0.079470	0.047297	0.074830	0.073333	
0.100000	0.101695	0.072626	0.117978	0.077778	0.083333	0.055556	0.084270	0.055556	0.072222	0.096591	0.090395	0.078652	0.882022	0.090395	0.067416	0.033520	0.096591	0.860465	0.108571	0.123596	0.089385	0.056180	0.072222	0.067416	0.067416	0.077778	0.039326	0.055556	0.039773	0.843537	0.000000	0.039548	0.055866	0.056818	0.055556	0.061453	0.062147	0.871345	0.056818	0.866279	0.888268	0.862069	0.861111	0.857143	0.874286	0.887640	0.857955	0.859551	0.861111	0.887006	0.842697	0.808989	0.852273	0.820225	0.885057	0.835294	0.835227	0.838889	0.872093	0.887640	0.860335	0.892655	0.859551	0.872093	0.867816	0.853933	0.866667	0.840909	0.866279	0.849162	0.853933	0.905882	0.873563	0.839080	0.874286	
0.093923	0.117318	0.078652	0.128492	0.088398	0.099448	0.049724	0.089385	0.072222	0.093923	0.106145	0.101124	0.094972	0.882682	0.084270	0.078652	0.055866	0.111732	0.868571	0.101124	0.128492	0.105556	0.072626	0.088398	0.072626	0.072626	0.093923	0.055866	0.061453	0.045198	0.858108	0.039548	0.000000	0.072222	0.068571	0.050279	0.067039	0.079545	0.883721	0.073446	0.878613	0.866667	0.874286	0.867403	0.875000	0.880682	0.899441	0.870056	0.871508	0.861878	0.882682	0.832402	0.821229	0.853107	0.812155	0.874286	0.847953	0.847458	0.834254	0.851429	0.877095	0.855556	0.877778	0.860335	0.890173	0.857143	0.842697	0.854749	0.841808	0.872832	0.855556	0.865922	0.883041	0.874286	0.840000	0.857955	
0.109290	0.122222	0.083333	0.116022	0.098361	0.092896	0.081967	0.104972	0.060440	0.087432	0.083799	0.111111	0.088398	0.850829	0.105556	0.055556	0.061111	0.100559	0.834286	0.123596	0.154696	0.109890	0.066298	0.092896	0.088398	0.088398	0.087432	0.049724	0.066298	0.045198	0.813333	0.055866	0.072222	0.000000	0.067797	0.066298	0.060773	0.084270	0.833333	0.078212	0.845714	0.851648	0.836158	0.836066	0.837079	0.859551	0.850829	0.832402	0.845304	0.836066	0.866667	0.817680	0.784530	0.826816	0.790055	0.864407	0.809249	0.821229	0.803279	0.845714	0.850829	0.846154	0.856354	0.834254	0.857143	0.836158	0.833333	0.823204	0.826816	0.843931	0.824176	0.828729	0.861272	0.836158	0.813559	0.837079	
0.078652	0.102857	0.073446	0.136364	0.084270	0.084270	0.067416	0.073864	0.067797	0.067416	0.086207	0.096045	0.079545	0.857955	0.090395	0.068571	0.057143	0.079545	0.843023	0.109827	0.136364	0.067797	0.068182	0.073034	0.067416	0.068182	0.084270	0.051136	0.067416	0.045977	0.801370	0.056818	0.068571	0.067797	0.000000	0.056180	0.062500	0.045198	0.840237	0.068966	0.841176	0.853107	0.848837	0.837079	0.843931	0.861272	0.863636	0.833333	0.846591	0.842697	0.851429	0.823864	0.772727	0.827586	0.784091	0.848837	0.800000	0.821839	0.808989	0.837209	0.852273	0.824859	0.874286	0.829545	0.848837	0.843023	0.822857	0.840909	0.816092	0.852941	0.807910	0.818182	0.875000	0.850575	0.813953	0.849711	
0.087912	0.089385	0.082873	0.122222	0.076923	0.093407	0.054945	0.072222	0.066298	0.071429	0.061798	0.078212	0.088889	0.883333	0.078212	0.055866	0.055866	0.095506	0.879310	0.084746	0.100000	0.099448	0.066667	0.082418	0.055556	0.055556	0.076923	0.038889	0.043956	0.028090	0.852349	0.055556	0.050279	0.066298	0.056180	0.000000	0.050000	0.061453	0.884393	0.056180	0.879310	0.856354	0.886364	0.873626	0.864407	0.875706	0.888889	0.870787	0.883333	0.862637	0.865922	0.811111	0.822222	0.853933	0.800000	0.875000	0.825581	0.848315	0.829670	0.850575	0.877778	0.850829	0.893855	0.850000	0.873563	0.869318	0.849162	0.877778	0.842697	0.889535	0.850829	0.855556	0.866279	0.863636	0.852273	0.887006	
0.104396	0.117318	0.078212	0.122222	0.076923	0.109890	0.071429	0.077778	0.065934	0.082418	0.089888	0.100559	0.094444	0.883333	0.094972	0.050279	0.061111	0.095506	0.856322	0.118644	0.127778	0.116022	0.083333	0.098901	0.083333	0.072222	0.093407	0.055556	0.050000	0.039773	0.852349	0.061453	0.067039	0.060773	0.062500	0.050000	0.000000	0.079096	0.872832	0.061798	0.867816	0.856354	0.875000	0.862637	0.864407	0.887006	0.877778	0.848315	0.872222	0.862637	0.849162	0.822222	0.800000	0.853933	0.794444	0.886364	0.813953	0.859551	0.818681	0.844828	0.866667	0.839779	0.888268	0.850000	0.867816	0.857955	0.826816	0.850829	0.831461	0.855491	0.839779	0.855556	0.872093	0.852273	0.829545	0.853107	
0.106145	0.119318	0.089385	0.152542	0.106145	0.100559	0.083799	0.090395	0.084270	0.078212	0.102857	0.096591	0.107345	0.847458	0.106742	0.085227	0.073864	0.090395	0.855491	0.137931	0.129944	0.106742	0.084746	0.100559	0.079096	0.067797	0.072626	0.067797	0.061453	0.045714	0.821918	0.062147	0.079545	0.084270	0.045198	0.061453	0.079096	0.000000	0.858824	0.085714	0.859649	0.853933	0.861272	0.849162	0.862069	0.862069	0.864407	0.845714	0.858757	0.854749	0.852273	0.830508	0.774011	0.851429	0.796610	0.843931	0.801170	0.822857	0.815642	0.853801	0.847458	0.837079	0.880682	0.836158	0.865497	0.843931	0.835227	0.853107	0.828571	0.860465	0.825843	0.841808	0.869822	0.855491	0.826590	0.862069	
0.788571	0.802326	0.813953	0.797688	0.817143	0.777143	0.840000	0.809249	0.833333	0.862857	0.824561	0.802326	0.815029	0.046243	0.819767	0.843023	0.848837	0.830409	0.035928	0.811765	0.791908	0.787356	0.815029	0.800000	0.826590	0.826590	0.840000	0.843931	0.872832	0.863905	0.026667	0.871345	0.883721	0.833333	0.840237	0.884393	0.872832	0.858824	0.000000	0.883041	0.023669	0.051429	0.017143	0.022857	0.052326	0.046512	0.028902	0.040936	0.017341	0.034286	0.046512	0.109827	0.098266	0.046784	0.098266	0.052632	0.077844	0.052632	0.091429	0.047904	0.051429	0.051724	0.029070	0.034682	0.041916	0.046784	0.063953	0.063584	0.040936	0.036364	0.028736	0.046243	0.069364	0.029586	0.071006	0.070588	
0.122222	0.135593	0.096045	0.129213	0.100000	0.116667	0.077778	0.106742	0.078212	0.066667	0.102273	0.112994	0.101124	0.898876	0.101695	0.079096	0.056497	0.102273	0.877907	0.131429	0.129213	0.117318	0.089888	0.094444	0.095506	0.089888	0.077778	0.050562	0.050562	0.063218	0.852349	0.056818	0.073446	0.078212	0.068966	0.056180	0.061798	0.085714	0.883041	0.000000	0.877907	0.888268	0.896552	0.872222	0.874286	0.897143	0.898876	0.869318	0.893258	0.872222	0.887006	0.831461	0.797753	0.840909	0.831461	0.890805	0.841176	0.869318	0.861111	0.877907	0.882022	0.871508	0.926554	0.882022	0.889535	0.890805	0.870056	0.876404	0.852273	0.900000	0.843575	0.866667	0.911765	0.879310	0.829545	0.891429	
0.801136	0.791908	0.809249	0.821839	0.812500	0.772727	0.835227	0.804598	0.828571	0.869318	0.843023	0.797688	0.810345	0.034483	0.826590	0.849711	0.843931	0.825581	0.035294	0.812865	0.804598	0.782857	0.816092	0.806818	0.821839	0.821839	0.857955	0.839080	0.879310	0.858824	0.020134	0.866279	0.878613	0.845714	0.841176	0.879310	0.867816	0.859649	0.023669	0.877907	0.000000	0.051136	0.017647	0.034091	0.052023	0.057803	0.028736	0.029070	0.011494	0.022727	0.034286	0.109195	0.103448	0.063218	0.103448	0.040230	0.064706	0.046512	0.079545	0.041176	0.062500	0.040000	0.028902	0.028736	0.041667	0.058140	0.052023	0.063218	0.034884	0.036145	0.057143	0.040230	0.070588	0.041176	0.052941	0.058480	
0.803279	0.816667	0.833333	0.828729	0.825137	0.797814	0.836066	0.817680	0.851648	0.879781	0.832402	0.805556	0.834254	0.060773	0.827778	0.838889	0.866667	0.826816	0.051429	0.808989	0.790055	0.807692	0.834254	0.830601	0.823204	0.823204	0.857923	0.850829	0.867403	0.847458	0.052980	0.888268	0.866667	0.851648	0.853107	0.856354	0.856354	0.853933	0.051429	0.888268	0.051136	0.000000	0.056497	0.049180	0.078212	0.061453	0.055249	0.072626	0.044199	0.049180	0.033333	0.077348	0.127072	0.078212	0.082873	0.056180	0.080460	0.072626	0.092896	0.045714	0.076923	0.054945	0.044444	0.049724	0.068571	0.061798	0.072222	0.066298	0.050279	0.052023	0.082418	0.088398	0.051724	0.033898	0.107345	0.073034	
0.797753	0.805714	0.817143	0.812500	0.820225	0.780899	0.842697	0.812500	0.836158	0.876404	0.839080	0.805714	0.823864	0.039773	0.834286	0.845714	0.851429	0.833333	0.041176	0.815029	0.806818	0.790960	0.818182	0.814607	0.829545	0.829545	0.853933	0.846591	0.875000	0.866279	0.026490	0.862069	0.874286	0.836158	0.848837	0.886364	0.875000	0.861272	0.017143	0.896552	0.017647	0.056497	0.000000	0.039326	0.046243	0.052023	0.022727	0.034483	0.005682	0.028090	0.040000	0.113636	0.107955	0.068966	0.107955	0.046512	0.071429	0.034483	0.084270	0.058824	0.056818	0.045198	0.011429	0.039773	0.047059	0.052326	0.068571	0.068182	0.057471	0.041667	0.039548	0.056818	0.063218	0.046512	0.075581	0.063584	
0.798913	0.790055	0.806630	0.802198	0.809783	0.771739	0.831522	0.802198	0.825137	0.853261	0.822222	0.790055	0.807692	0.054945	0.812155	0.845304	0.839779	0.827778	0.028409	0.798883	0.785714	0.781421	0.807692	0.793478	0.807692	0.824176	0.842391	0.835165	0.873626	0.848315	0.033113	0.861111	0.867403	0.836066	0.837079	0.873626	0.862637	0.849162	0.022857	0.872222	0.034091	0.049180	0.039326	0.000000	0.067039	0.055866	0.043956	0.050000	0.021978	0.043478	0.055249	0.093407	0.104396	0.050000	0.098901	0.044944	0.086207	0.066667	0.097826	0.056818	0.071429	0.060109	0.044199	0.032967	0.051136	0.056180	0.071823	0.049451	0.061111	0.040230	0.071038	0.060440	0.091954	0.039326	0.095506	0.067039	
0.787709	0.789773	0.818182	0.813559	0.810056	0.782123	0.826816	0.813559	0.842697	0.865922	0.834286	0.795455	0.819209	0.073446	0.823864	0.829545	0.835227	0.834286	0.076023	0.816092	0.774011	0.792135	0.819209	0.815642	0.813559	0.821229	0.843575	0.847458	0.853107	0.867052	0.060811	0.857143	0.875000	0.837079	0.843931	0.864407	0.864407	0.862069	0.052326	0.874286	0.052023	0.078212	0.046243	0.067039	0.000000	0.073864	0.055866	0.073446	0.050847	0.061453	0.062500	0.124294	0.141243	0.091429	0.112994	0.079096	0.093567	0.085714	0.094972	0.076023	0.078212	0.067416	0.045455	0.062147	0.052632	0.074286	0.073864	0.090395	0.057143	0.059172	0.084270	0.079096	0.076023	0.069364	0.104046	0.086207	
0.810056	0.801136	0.829545	0.813559	0.826816	0.798883	0.843575	0.813559	0.848315	0.871508	0.840000	0.801136	0.830508	0.050847	0.835227	0.857955	0.852273	0.840000	0.064327	0.810345	0.796610	0.797753	0.824859	0.826816	0.830508	0.853107	0.843575	0.860335	0.864407	0.861272	0.066667	0.874286	0.880682	0.859551	0.861272	0.875706	0.887006	0.862069	0.046512	0.897143	0.057803	0.061453	0.052023	0.055866	0.073864	0.000000	0.039548	0.068571	0.050847	0.067039	0.056818	0.118644	0.135593	0.097143	0.112994	0.074286	0.111111	0.080000	0.117318	0.064327	0.094972	0.073034	0.056818	0.067797	0.087719	0.080000	0.096591	0.084746	0.062857	0.064706	0.101124	0.096045	0.093567	0.062857	0.109827	0.085227	
0.813187	0.815642	0.832402	0.827778	0.835165	0.796703	0.857143	0.816667	0.850829	0.879121	0.853933	0.815642	0.833333	0.027778	0.837989	0.860335	0.865922	0.848315	0.051724	0.830508	0.811111	0.801105	0.833333	0.829670	0.844444	0.846154	0.857143	0.861111	0.866667	0.869318	0.040268	0.887640	0.899441	0.850829	0.863636	0.888889	0.877778	0.864407	0.028902	0.898876	0.028736	0.055249	0.022727	0.043956	0.055866	0.039548	0.000000	0.027778	0.027778	0.038462	0.027933	0.111111	0.111111	0.067416	0.111111	0.044944	0.081395	0.050562	0.093407	0.068966	0.066667	0.055249	0.033520	0.050000	0.057471	0.062500	0.078212	0.077778	0.067416	0.052326	0.077348	0.066667	0.063953	0.045455	0.079545	0.073446	
0.794444	0.796610	0.807910	0.820225	0.805556	0.766667	0.827778	0.786517	0.821229	0.850000	0.835227	0.785311	0.803371	0.044444	0.807910	0.841808	0.836158	0.829545	0.052326	0.805714	0.792135	0.770950	0.803371	0.800000	0.814607	0.816667	0.850000	0.831461	0.859551	0.850575	0.034014	0.857955	0.870056	0.832402	0.833333	0.870787	0.848315	0.845714	0.040936	0.869318	0.029070	0.072626	0.034483	0.050000	0.073446	0.068571	0.027778	0.000000	0.033708	0.044444	0.039548	0.129213	0.106742	0.068182	0.123596	0.062500	0.070588	0.062500	0.088889	0.075581	0.084270	0.061453	0.050847	0.056180	0.063218	0.079545	0.084746	0.084270	0.061798	0.058824	0.072626	0.061798	0.082353	0.063218	0.063218	0.080000	
0.807692	0.798883	0.815642	0.822222	0.818681	0.780220	0.840659	0.811111	0.834254	0.873626	0.848315	0.798883	0.816667	0.033333	0.832402	0.854749	0.849162	0.842697	0.022989	0.813559	0.805556	0.790055	0.816667	0.813187	0.827778	0.827778	0.862637	0.844444	0.883333	0.863636	0.019868	0.859551	0.871508	0.845304	0.846591	0.883333	0.872222	0.858757	0.017341	0.893258	0.011494	0.044199	0.005682	0.021978	0.050847	0.050847	0.027778	0.033708	0.000000	0.021978	0.033520	0.094444	0.094444	0.056180	0.094444	0.034091	0.063953	0.033708	0.076923	0.051136	0.061111	0.038674	0.016760	0.022222	0.040230	0.045455	0.055866	0.050000	0.044944	0.029070	0.060773	0.050000	0.069767	0.034091	0.073864	0.056497	
0.798913	0.790055	0.806630	0.813187	0.809783	0.782609	0.831522	0.802198	0.825137	0.864130	0.838889	0.790055	0.807692	0.043956	0.828729	0.845304	0.839779	0.827778	0.039773	0.793296	0.796703	0.781421	0.807692	0.815217	0.818681	0.818681	0.853261	0.824176	0.873626	0.853933	0.033113	0.861111	0.861878	0.836066	0.842697	0.862637	0.862637	0.854749	0.034286	0.872222	0.022727	0.049180	0.028090	0.043478	0.061453	0.067039	0.038462	0.044444	0.021978	0.000000	0.044199	0.093407	0.115385	0.050000	0.115385	0.039326	0.068966	0.055556	0.076087	0.051136	0.071429	0.049180	0.038674	0.043956	0.051136	0.067416	0.071823	0.071429	0.061111	0.040230	0.071038	0.060440	0.068966	0.050562	0.084270	0.055866	
0.801105	0.814607	0.831461	0.832402	0.823204	0.795580	0.834254	0.804469	0.850000	0.878453	0.837079	0.803371	0.832402	0.044693	0.825843	0.842697	0.865169	0.842697	0.056818	0.824859	0.793296	0.805556	0.832402	0.828729	0.832402	0.821229	0.856354	0.860335	0.854749	0.852273	0.040000	0.887006	0.882682	0.866667	0.851429	0.865922	0.849162	0.852273	0.046512	0.887006	0.034286	0.033333	0.040000	0.055249	0.062500	0.056818	0.027933	0.039548	0.033520	0.044199	0.000000	0.100559	0.117318	0.083799	0.094444	0.051429	0.063584	0.056497	0.082873	0.063218	0.061453	0.038889	0.039106	0.044693	0.052023	0.057143	0.061798	0.078212	0.045198	0.058140	0.072222	0.061453	0.052023	0.034286	0.085714	0.073864	
0.780220	0.759777	0.787709	0.772222	0.780220	0.785714	0.802198	0.783333	0.806630	0.835165	0.797753	0.770950	0.788889	0.116667	0.804469	0.804469	0.821229	0.803371	0.074713	0.762712	0.755556	0.762431	0.788889	0.785714	0.772222	0.788889	0.824176	0.805556	0.833333	0.812500	0.093960	0.842697	0.832402	0.817680	0.823864	0.811111	0.822222	0.830508	0.109827	0.831461	0.109195	0.077348	0.113636	0.093407	0.124294	0.118644	0.111111	0.129213	0.094444	0.093407	0.100559	0.000000	0.166667	0.123596	0.133333	0.102273	0.122093	0.116667	0.137363	0.109195	0.133333	0.121547	0.100559	0.094444	0.120690	0.119318	0.122905	0.100000	0.123596	0.098837	0.143646	0.122222	0.110465	0.095506	0.159091	0.124294	
0.747253	0.748603	0.765363	0.774725	0.758242	0.741758	0.802198	0.752747	0.773481	0.791209	0.786517	0.754190	0.777778	0.116667	0.770950	0.793296	0.787709	0.769663	0.096591	0.751412	0.744444	0.729282	0.758242	0.752747	0.766667	0.766667	0.780220	0.783333	0.800000	0.803371	0.092715	0.808989	0.821229	0.784530	0.772727	0.822222	0.800000	0.774011	0.098266	0.797753	0.103448	0.127072	0.107955	0.104396	0.141243	0.135593	0.111111	0.106742	0.094444	0.115385	0.117318	0.166667	0.000000	0.134831	0.166667	0.107955	0.145349	0.140449	0.170330	0.097701	0.138889	0.132597	0.122905	0.105556	0.126437	0.125000	0.134078	0.122222	0.123596	0.120690	0.121547	0.144444	0.156977	0.125000	0.123596	0.135593	
0.777778	0.782123	0.807910	0.780899	0.800000	0.761111	0.822222	0.803371	0.821229	0.844444	0.829545	0.774011	0.788889	0.084270	0.802260	0.847458	0.830508	0.812500	0.063218	0.782857	0.780899	0.770950	0.797753	0.794444	0.820225	0.820225	0.833333	0.814607	0.865169	0.844828	0.072848	0.852273	0.853107	0.826816	0.827586	0.853933	0.853933	0.851429	0.046784	0.840909	0.063218	0.078212	0.068966	0.050000	0.091429	0.097143	0.067416	0.068182	0.056180	0.050000	0.083799	0.123596	0.134831	0.000000	0.146067	0.068966	0.116279	0.096591	0.116667	0.087209	0.101124	0.089385	0.079096	0.073034	0.081395	0.097701	0.112994	0.089888	0.085227	0.076471	0.100559	0.067416	0.110465	0.068966	0.114943	0.091429	
0.736264	0.748603	0.765363	0.766667	0.758242	0.730769	0.780220	0.738889	0.795580	0.802198	0.788889	0.737430	0.766667	0.111111	0.759777	0.776536	0.798883	0.772222	0.107955	0.754190	0.722222	0.740331	0.755556	0.763736	0.761111	0.777778	0.791209	0.794444	0.800000	0.780899	0.100671	0.820225	0.812155	0.790055	0.784091	0.800000	0.794444	0.796610	0.098266	0.831461	0.103448	0.082873	0.107955	0.098901	0.112994	0.112994	0.111111	0.123596	0.094444	0.115385	0.094444	0.133333	0.166667	0.146067	0.000000	0.107955	0.122093	0.106742	0.131868	0.113636	0.127778	0.110497	0.110497	0.094444	0.114943	0.096591	0.111732	0.100000	0.095506	0.114943	0.121547	0.144444	0.116279	0.073864	0.147727	0.118644	
0.820225	0.811429	0.811429	0.829545	0.831461	0.792135	0.853933	0.823864	0.847458	0.876404	0.862069	0.811429	0.818182	0.051136	0.845714	0.868571	0.862857	0.833333	0.052941	0.803468	0.806818	0.790960	0.835227	0.825843	0.840909	0.831461	0.853933	0.846591	0.886364	0.866279	0.040816	0.885057	0.874286	0.864407	0.848837	0.875000	0.886364	0.843931	0.052632	0.890805	0.040230	0.056180	0.046512	0.044944	0.079096	0.074286	0.044944	0.062500	0.034091	0.039326	0.051429	0.102273	0.107955	0.068966	0.107955	0.000000	0.094118	0.063218	0.106742	0.052326	0.067416	0.062147	0.057143	0.045455	0.070588	0.063218	0.057143	0.079545	0.068966	0.059524	0.067797	0.079545	0.052941	0.058140	0.081395	0.075145	
0.758621	0.766082	0.777778	0.796512	0.770115	0.764368	0.781609	0.750000	0.797688	0.827586	0.788235	0.754386	0.784884	0.075581	0.774566	0.801170	0.812865	0.808140	0.088235	0.781065	0.744186	0.774566	0.779070	0.787356	0.779070	0.767442	0.804598	0.808140	0.813953	0.815476	0.061224	0.835294	0.847953	0.809249	0.800000	0.825581	0.813953	0.801170	0.077844	0.841176	0.064706	0.080460	0.071429	0.086207	0.093567	0.111111	0.081395	0.070588	0.063953	0.068966	0.063584	0.122093	0.145349	0.116279	0.122093	0.094118	0.000000	0.094118	0.120690	0.084337	0.080460	0.069364	0.070175	0.075581	0.084337	0.088235	0.076023	0.116279	0.064706	0.090361	0.098266	0.093023	0.101190	0.083333	0.117647	0.112426	
0.783333	0.796610	0.802260	0.808989	0.794444	0.755556	0.816667	0.808989	0.821229	0.850000	0.823864	0.774011	0.792135	0.050562	0.819209	0.830508	0.836158	0.840909	0.069767	0.800000	0.780899	0.765363	0.792135	0.788889	0.803371	0.803371	0.827778	0.831461	0.848315	0.827586	0.053691	0.835227	0.847458	0.821229	0.821839	0.848315	0.859551	0.822857	0.052632	0.869318	0.046512	0.072626	0.034483	0.066667	0.085714	0.080000	0.050562	0.062500	0.033708	0.055556	0.056497	0.116667	0.140449	0.096591	0.106742	0.063218	0.094118	0.000000	0.100000	0.087209	0.095506	0.072626	0.050847	0.067416	0.069767	0.086207	0.094972	0.095506	0.079545	0.070588	0.094972	0.078652	0.088235	0.062500	0.097701	0.091429	
